,Year,Month,Day,Hour,Minute,GHI,DHI,DNI,Wind Speed,Temperature,Solar Zenith Angle
0,2014,1,1,0,30,0,0,0,1.2029211521148682,7.256005859375023,176.88661796264637
1,2014,1,1,1,30,0,0,0,1.1596729755401611,7.229364013671898,169.3136460496271
2,2014,1,1,2,30,0,0,0,1.0647132396697998,7.201287841796898,155.54211568481233
3,2014,1,1,3,30,0,0,0,0.9832441806793212,7.099511718750023,141.83888864544596
4,2014,1,1,4,30,0,0,0,1.0419390201568604,7.019250488281273,128.25255812117229
5,2014,1,1,5,30,0,0,0,1.1865826845169067,7.032708740234398,114.84743560433712
6,2014,1,1,6,30,0,0,0,1.3596453666687012,7.165948486328148,101.71506158975842
7,2014,1,1,7,30,0,0,0,1.4993906021118164,7.845635986328148,88.99044417525114
8,2014,1,1,8,30,77,76,4,1.413097620010376,9.46892700195315,76.90308634362793
9,2014,1,1,9,30,172,160,29,1.0971156358718872,11.65752563476565,65.8071314188019
10,2014,1,1,10,30,244,226,32,0.8435086607933044,13.87066040039065,56.30761912322129
11,2014,1,1,11,30,330,296,52,0.8487529754638672,15.88591918945315,49.34531975208324
12,2014,1,1,12,30,427,350,110,0.9571535587310792,17.588647460937526,46.09124659029212
13,2014,1,1,13,30,438,344,137,0.9638261198997498,18.677636718750023,47.31938273901953
14,2014,1,1,14,30,448,292,257,0.8650640845298767,19.004022216796894,52.716674092938035
15,2014,1,1,15,30,422,159,545,0.6456026434898376,18.609674072265648,61.18635074126826
16,2014,1,1,16,30,219,120,311,0.620697557926178,17.152795410156273,71.6416801883692
17,2014,1,1,17,30,76,47,252,0.8287296891212463,14.998193359375026,83.33136292560819
18,2014,1,1,18,30,0,0,0,0.8016172647476196,13.529016113281275,95.79869177095732
19,2014,1,1,19,30,0,0,0,0.4770386517047882,12.907678222656275,108.76455226929457
20,2014,1,1,20,30,0,0,0,0.3326261341571808,12.471582031250026,122.05978635758021
21,2014,1,1,21,30,0,0,0,0.6828912496566772,12.19658813476565,135.57444508386402
22,2014,1,1,22,30,0,0,0,1.1972732543945312,12.11809692382815,149.2335112765635
23,2014,1,1,23,30,0,0,0,1.6276407241821291,12.164758300781275,162.9822517941607
24,2014,1,2,0,30,0,0,0,2.0059490203857417,12.1878601074219,176.776502514926
25,2014,1,2,1,30,0,0,0,2.3526673316955566,12.05108032226565,169.41740817900052
26,2014,1,2,2,30,0,0,0,2.65218186378479,11.714013671875026,155.64115983235908
27,2014,1,2,3,30,0,0,0,2.845161437988281,11.218896484375025,141.93245326592591
28,2014,1,2,4,30,0,0,0,2.939438581466675,10.618127441406275,128.33978019203266
29,2014,1,2,5,30,0,0,0,3.0150334835052486,9.9836364746094,114.92713021626058
30,2014,1,2,6,30,0,0,0,3.1319682598114014,9.635705566406275,101.78554111087982
31,2014,1,2,7,30,0,0,0,3.140342235565185,10.656884765625025,89.04919840722052
32,2014,1,2,8,30,14,14,0,3.1904664039611816,13.07305297851565,76.9465900681731
33,2014,1,2,9,30,34,34,0,3.6489782333374015,15.373986816406275,65.82999837367511
34,2014,1,2,10,30,161,158,5,4.008032321929932,16.700036621093773,56.30247354271785
35,2014,1,2,11,30,153,150,4,3.962618350982666,17.142449951171898,49.30401277980597
36,2014,1,2,12,30,338,308,43,3.825002908706665,17.125634765625026,46.01008987476844
37,2014,1,2,13,30,178,173,6,3.705815315246582,16.775506591796898,47.205380445698644
38,2014,1,2,14,30,137,137,0,3.6480405330657963,16.023583984375026,52.583955517459536
39,2014,1,2,15,30,62,62,0,3.6551396846771236,14.72368774414065,61.04671974520792
40,2014,1,2,16,30,129,123,17,3.615212440490722,12.68963012695315,71.50163936151237
41,2014,1,2,17,30,43,43,0,3.5269205570220947,10.45964965820315,83.19384705363176
42,2014,1,2,18,30,0,0,0,3.499373435974121,8.758996582031273,95.66483465304199
43,2014,1,2,19,30,0,0,0,3.375675678253174,7.563684082031273,108.63479327665527
44,2014,1,2,20,30,0,0,0,3.045161724090576,6.536553955078148,121.93424720698171
45,2014,1,2,21,30,0,0,0,2.64310884475708,5.632501220703148,135.4531458330528
46,2014,1,2,22,30,0,0,0,2.226313591003418,4.962518310546899,149.11643944504024
47,2014,1,2,23,30,0,0,0,1.7923828363418581,4.473931884765649,162.86929375649774
48,2014,1,3,0,30,0,0,0,1.3863441944122314,4.172814941406274,176.66501044909168
49,2014,1,3,1,30,0,0,0,1.060689926147461,4.061517333984399,169.51876593169231
50,2014,1,3,2,30,0,0,0,0.7820473909378052,4.007531738281274,155.73790611478063
51,2014,1,3,3,30,0,0,0,0.560134768486023,3.601373291015648,142.0234625507302
52,2014,1,3,4,30,0,0,0,0.5698057413101196,2.7524047851562727,128.4240966773639
53,2014,1,3,5,30,0,0,0,0.7868865132331848,2.1239257812500227,115.0035085067469
54,2014,1,3,6,30,0,0,0,1.0599532127380369,2.1236206054687727,101.85223211958557
55,2014,1,3,7,30,0,0,0,1.269118070602417,3.700494384765648,89.10362207026779
56,2014,1,3,8,30,196,55,624,1.4037530422210691,6.455072021484398,76.98512949324079
57,2014,1,3,9,30,410,73,823,1.5229235887527466,8.873010253906275,65.84717881908722
58,2014,1,3,10,30,589,84,910,1.5679023265838623,10.78252563476565,56.29087089608293
59,2014,1,3,11,30,712,90,953,1.537548542022705,12.221582031250026,49.25558213797541
60,2014,1,3,12,30,766,92,969,1.5080649852752686,13.205590820312526,45.92157913563205
61,2014,1,3,13,30,747,91,964,1.50410795211792,13.69097290039065,47.084531965213614
62,2014,1,3,14,30,658,86,938,1.519653558731079,13.59404907226565,52.445487818292705
63,2014,1,3,15,30,507,77,883,1.5847903490066528,12.7388854980469,60.90258523502585
64,2014,1,3,16,30,309,61,775,1.8221747875213623,10.918420410156275,71.35821281552717
65,2014,1,3,17,30,101,41,492,2.1762285232543945,8.660394287109398,83.05386925158909
66,2014,1,3,18,30,0,0,0,2.3320178985595703,6.990502929687523,95.52926721887836
67,2014,1,3,19,30,0,0,0,2.24208402633667,5.890222167968773,108.50393952524776
68,2014,1,3,20,30,0,0,0,2.1072373390197754,4.961816406250024,121.80812329295135
69,2014,1,3,21,30,0,0,0,2.0246658325195312,4.196313476562524,135.3316828626123
70,2014,1,3,22,30,0,0,0,1.990072011947632,3.5711303710937727,148.9995277416439
71,2014,1,3,23,30,0,0,0,2.0033714771270748,3.0959106445312727,162.7566196498315
72,2014,1,4,0,30,0,0,0,2.11659574508667,2.7841430664062727,176.5518786650943
73,2014,1,4,1,30,0,0,0,2.3443405628204346,2.6235595703125227,169.6173865139061
74,2014,1,4,2,30,0,0,0,2.634000301361084,2.6245971679687727,155.83216493858626
75,2014,1,4,3,30,0,0,0,2.9010772705078125,2.7684570312500227,142.11176858847583
76,2014,1,4,4,30,0,0,0,3.115980625152588,3.003350830078148,128.5053834972819
77,2014,1,4,5,30,0,0,0,3.258774280548096,3.3019042968750227,115.07646477946169
78,2014,1,4,6,30,0,0,0,3.3440189361572266,3.944757080078148,101.91504582088106
79,2014,1,4,7,30,0,0,0,3.2501201629638667,6.242303466796898,89.1536440173012
80,2014,1,4,8,30,199,55,639,2.8871240615844727,10.159448242187525,77.0186521412372
81,2014,1,4,9,30,417,73,841,2.7147469520568848,14.55608520507815,65.85864429937793
82,2014,1,4,10,30,600,84,929,2.9971094131469727,18.238641357421894,56.27280245444829
83,2014,1,4,11,30,724,90,970,3.2775449752807617,20.182397460937523,49.200040833106854
84,2014,1,4,12,30,779,92,985,3.32615327835083,20.991632080078148,45.82574761747303
85,2014,1,4,13,30,759,91,978,3.244964599609375,21.238122558593773,46.95689388520487
86,2014,1,4,14,30,667,86,950,2.9078035354614262,21.011285400390648,52.30135266488513
87,2014,1,4,15,30,513,77,892,2.2480387687683105,20.136895751953148,60.754047267209074
88,2014,1,4,16,30,298,56,752,1.5354466438293457,18.325280761718773,71.2115095530153
89,2014,1,4,17,30,98,43,444,1.2170913219451904,16.106683349609398,82.91154013319338
90,2014,1,4,18,30,0,0,0,1.3240172863006592,14.537927246093775,95.39209681979959
91,2014,1,4,19,30,0,0,0,1.6190629005432131,13.65325317382815,108.37209146669315
92,2014,1,4,20,30,0,0,0,1.9295878410339355,12.8895202636719,121.6815046484079
93,2014,1,4,21,30,0,0,0,2.2709221839904785,12.2409606933594,135.21013083616725
94,2014,1,4,22,30,0,0,0,2.7299118041992188,11.7858825683594,148.88282554130228
95,2014,1,4,23,30,0,0,0,3.13760757446289,11.339685058593775,162.64422353383532
96,2014,1,5,0,30,0,0,0,3.445888996124268,10.7864929199219,176.43684647765858
97,2014,1,5,1,30,0,0,0,3.7047371864318848,10.03032836914065,169.71291746354484
98,2014,1,5,2,30,0,0,0,3.9023361206054688,9.1453796386719,155.9237421515066
99,2014,1,5,3,30,0,0,0,4.017435550689696,8.441430664062523,142.1972223540879
100,2014,1,5,4,30,0,0,0,4.0683813095092765,7.984582519531273,128.58351712499902
101,2014,1,5,5,30,0,0,0,4.0927515029907235,7.749322509765648,115.14589496039352
102,2014,1,5,6,30,0,0,0,4.079012393951416,7.819970703125023,101.97389582680141
103,2014,1,5,7,30,0,0,0,3.91261625289917,8.942285156250025,89.19919610342941
104,2014,1,5,8,30,138,85,237,3.644641399383545,11.4063659667969,77.04710898363827
105,2014,1,5,9,30,101,101,0,3.4984705448150635,14.31267700195315,65.86436427650341
106,2014,1,5,10,30,378,271,194,3.445221424102783,16.928216552734398,56.2482631367011
107,2014,1,5,11,30,451,333,179,3.292722225189209,19.053979492187523,49.13740518606099
108,2014,1,5,12,30,234,225,13,2.9055347442626958,20.458306884765648,45.722631493302714
109,2014,1,5,13,30,646,249,580,2.358074903488159,21.087243652343773,46.82252564083226
110,2014,1,5,14,30,337,289,78,1.9495398998260496,21.046411132812523,52.151634508733565
111,2014,1,5,15,30,401,192,425,2.000374794006348,20.041772460937523,60.60120817497531
112,2014,1,5,16,30,192,138,165,2.64101791381836,18.053033447265648,71.06163999405366
113,2014,1,5,17,30,57,53,32,3.3550257682800293,15.828271484375026,82.76697075163842
114,2014,1,5,18,30,0,0,0,3.5007572174072266,13.90068969726565,95.25343025940798
115,2014,1,5,19,30,0,0,0,3.1860241889953613,12.228906250000026,108.23934803318508
116,2014,1,5,20,30,0,0,0,2.781045913696289,10.949060058593775,121.55447878598045
117,2014,1,5,21,30,0,0,0,2.339531421661377,10.064477539062525,135.08856076989363
118,2014,1,5,22,30,0,0,0,1.889209985733032,9.5058532714844,148.7663771083162
119,2014,1,5,23,30,0,0,0,1.5532323122024536,9.1904235839844,162.53209207591567
120,2014,1,6,0,30,0,0,0,1.4404484033584597,8.8727966308594,176.31965716112552
121,2014,1,6,1,30,0,0,0,1.5309216976165771,8.422784423828148,169.80498710323857
122,2014,1,6,2,30,0,0,0,1.6551265716552734,7.903314208984398,156.0124393816796
123,2014,1,6,3,30,0,0,0,1.7372291088104248,7.301202392578148,142.27967396781872
124,2014,1,6,4,30,0,0,0,1.7612464427947998,6.536676025390648,128.65837479266895
125,2014,1,6,5,30,0,0,0,1.7261605262756348,5.834558105468773,115.21169676189852
126,2014,1,6,6,30,0,0,0,1.632479906082153,5.434259033203149,102.02869828354305
127,2014,1,6,7,30,0,0,0,1.5232042074203491,5.676477050781273,89.24021327504286
128,2014,1,6,8,30,37,37,0,1.5331790447235107,6.556787109375023,77.07045450035527
129,2014,1,6,9,30,120,120,0,1.7687809467315674,7.705590820312523,65.86431577438884
130,2014,1,6,10,30,126,126,0,2.1912741661071777,8.655328369140648,56.21725151443668
131,2014,1,6,11,30,132,131,0,2.6051056385040283,9.027307128906275,49.06769481774313
132,2014,1,6,12,30,250,239,15,2.85888671875,9.00005493164065,45.612269833480426
133,2014,1,6,13,30,367,323,64,2.981369972229004,8.745202636718773,46.68148947344265
134,2014,1,6,14,30,189,185,6,3.0618376731872563,8.068139648437523,51.996420527307386
135,2014,1,6,15,30,153,153,0,3.1196990013122563,6.794458007812523,60.4441724854946
136,2014,1,6,16,30,95,95,0,3.086066246032715,5.117211914062524,70.9087158700272
137,2014,1,6,17,30,20,20,0,2.948273181915283,3.4262329101562727,82.62027248286833
138,2014,1,6,18,30,0,0,0,2.803922176361084,2.081109619140648,95.11337367995479
139,2014,1,6,19,30,0,0,0,2.643350839614868,1.0212036132812727,108.10580653892369
140,2014,1,6,20,30,0,0,0,2.386218309402466,0.08321533203127274,121.42713062727994
141,2014,1,6,21,30,0,0,0,2.0932209491729736,-0.6447509765624773,134.96704000801114
142,2014,1,6,22,30,0,0,0,1.846864938735962,-1.1530517578124773,148.65022165722215
143,2014,1,6,23,30,0,0,0,1.6474673748016355,-1.5398925781249773,162.42020483258605
144,2014,1,7,0,30,0,0,0,1.4939193725585938,-1.8569396972656025,176.20005941159764
145,2014,1,7,1,30,0,0,0,1.3750625848770142,-2.0416625976562277,169.89320525160898
146,2014,1,7,2,30,0,0,0,1.210338830947876,-2.0320800781249773,156.0980544114091
147,2014,1,7,3,30,0,0,0,1.0546621084213257,-1.9127868652343525,142.35897296513724
148,2014,1,7,4,30,0,0,0,0.9956221580505372,-1.8061279296874773,128.72983470047015
149,2014,1,7,5,30,0,0,0,0.9993361830711364,-1.7147277832031025,115.27376984631991
150,2014,1,7,6,30,0,0,0,1.0223281383514404,-1.4238342285156025,102.07937199621608
151,2014,1,7,7,30,0,0,0,1.0533163547515871,-0.017736816406227263,89.27663365544899
152,2014,1,7,8,30,47,47,0,1.3083436489105225,2.617608642578148,77.08864673535301
153,2014,1,7,9,30,19,19,0,1.7224060297012331,5.225213623046899,65.85847859740767
154,2014,1,7,10,30,30,30,0,1.9317514896392824,7.231896972656273,56.179769813999606
155,2014,1,7,11,30,249,237,18,1.9606537818908687,8.806848144531275,48.990932632277115
156,2014,1,7,12,30,492,362,186,1.9335317611694336,9.94976196289065,45.49470457231661
157,2014,1,7,13,30,460,352,156,1.8555939197540283,10.453149414062525,46.533850387550686
158,2014,1,7,14,30,373,302,114,1.7468838691711426,10.333886718750025,51.835800566590116
159,2014,1,7,15,30,285,229,111,1.7216453552246094,9.601831054687525,60.28304683578082
160,2014,1,7,16,30,319,61,782,1.8976609706878664,8.176568603515648,70.75285011677698
161,2014,1,7,17,30,109,42,510,2.1706194877624507,6.538964843750023,82.47155690934598
162,2014,1,7,18,30,0,0,0,2.2916080951690674,5.382562255859399,94.97203245087285
163,2014,1,7,19,30,0,0,0,2.219344139099121,4.639550781250024,107.97156258528166
164,2014,1,7,20,30,0,0,0,2.072713851928711,4.039422607421899,121.29954243727484
165,2014,1,7,21,30,0,0,0,1.9753193855285645,3.841973876953148,134.84563220442027
166,2014,1,7,22,30,0,0,0,1.981731653213501,3.9736572265625223,148.534393419493
167,2014,1,7,23,30,0,0,0,2.026336669921875,4.023889160156274,162.30853453095932
168,2014,1,8,0,30,0,0,0,2.0707907676696777,4.019036865234399,176.07780871581832
169,2014,1,8,1,30,0,0,0,2.1643390655517583,3.9995971679687727,169.9771642288458
170,2014,1,8,2,30,0,0,0,2.3391337394714355,3.922265625000023,156.18038158641218
171,2014,1,8,3,30,0,0,0,2.523251533508301,3.8316284179687727,142.4349685771712
172,2014,1,8,4,30,0,0,0,2.669966220855713,3.8184753417968977,128.79777622828934
173,2014,1,8,5,30,0,0,0,2.752213716506958,3.875909423828148,115.33201598862901
174,2014,1,8,6,30,0,0,0,2.752976417541504,4.250512695312524,102.12583855076096
175,2014,1,8,7,30,0,0,0,2.5424060821533203,6.337457275390648,89.30839862702862
176,2014,1,8,8,30,193,54,621,2.007318019866944,9.94158325195315,77.10164734847747
177,2014,1,8,9,30,408,72,822,1.6969444751739502,13.940698242187526,65.84683631428067
178,2014,1,8,10,30,589,82,910,1.7578840255737305,17.488885498046898,56.13582391557481
179,2014,1,8,11,30,714,88,952,1.7227110862731934,19.598687744140648,48.90714479767495
180,2014,1,8,12,30,770,90,968,1.5493425130844116,20.433099365234398,45.369980472424494
181,2014,1,8,13,30,754,89,962,1.330146551132202,20.371331787109398,46.3796761062574
182,2014,1,8,14,30,665,85,935,1.1841695308685305,19.758325195312523,51.66986708236967
183,2014,1,8,15,30,515,76,880,1.4571970701217651,18.711846923828148,60.11793988723798
184,2014,1,8,16,30,318,61,774,2.22092866897583,16.710626220703148,70.59415676709963
185,2014,1,8,17,30,109,42,504,2.84031343460083,13.81157836914065,82.32093570462223
186,2014,1,8,18,30,0,0,0,2.913395881652832,11.208276367187525,94.82951105955216
187,2014,1,8,19,30,0,0,0,2.7411327362060547,9.93572387695315,107.83670996972819
188,2014,1,8,20,30,0,0,0,2.53792667388916,9.759973144531275,121.1717937635968
189,2014,1,8,21,30,0,0,0,2.3127214908599854,9.71611938476565,134.72439731002305
190,2014,1,8,22,30,0,0,0,2.099587917327881,9.6553894042969,148.41892171549028
191,2014,1,8,23,30,0,0,0,1.8901472091674805,9.70232543945315,162.19704735059213
192,2014,1,9,0,30,0,0,0,1.7121847867965698,9.767114257812525,175.95266861505638
193,2014,1,9,1,30,0,0,0,1.5821578502655032,9.791467285156275,170.05644019181875
194,2014,1,9,2,30,0,0,0,1.4824893474578855,9.735864257812525,156.2592122613411
195,2014,1,9,3,30,0,0,0,1.430166721343994,9.6253601074219,142.50751002138108
196,2014,1,9,4,30,0,0,0,1.4646122455596924,9.46038208007815,128.86208014981486
197,2014,1,9,5,30,0,0,0,1.5743951797485352,9.07647094726565,115.38633923798052
198,2014,1,9,6,30,0,0,0,1.7095377445220947,8.511499023437523,102.16802243303428
199,2014,1,9,7,30,0,0,0,1.7637062072753906,8.588159179687523,89.33545290973322
200,2014,1,9,8,30,193,54,625,1.6081857681274414,10.1517272949219,77.10942166344253
201,2014,1,9,9,30,411,72,828,1.3177077770233154,13.2283874511719,65.82937627712158
202,2014,1,9,10,30,594,82,917,1.1830284595489502,16.550927734375026,56.0854233495408
203,2014,1,9,11,30,721,88,960,1.1889365911483765,19.021539306640648,48.816360724161314
204,2014,1,9,12,30,779,91,977,1.1696709394454956,20.469384765625023,45.23814508692001
205,2014,1,9,13,30,763,89,973,1.154845952987671,20.897912597656273,46.219037025185756
206,2014,1,9,14,30,675,85,948,1.280505895614624,20.556665039062523,51.49871508029472
207,2014,1,9,15,30,524,76,893,1.7106733322143557,19.447290039062523,59.94896223892444
208,2014,1,9,16,30,325,61,788,2.361104249954224,17.301385498046898,70.43275084259163
209,2014,1,9,17,30,113,42,520,2.8444912433624268,14.525842285156275,82.16852051855754
210,2014,1,9,18,30,0,0,0,2.934767723083496,12.439233398437526,94.68591300447909
211,2014,1,9,19,30,0,0,0,2.8356237411499023,11.76641235351565,107.70134059862421
212,2014,1,9,20,30,0,0,0,2.706623315811157,11.776879882812526,121.04396138099831
213,2014,1,9,21,30,0,0,0,2.6174981594085693,11.66362915039065,134.6033915658422
214,2014,1,9,22,30,0,0,0,2.5766987800598145,11.5046325683594,148.3038310317396
215,2014,1,9,23,30,0,0,0,2.515699863433838,11.40923461914065,162.0857032059003
216,2014,1,10,0,30,0,0,0,2.4358899593353267,11.335351562500026,175.8244118527631
217,2014,1,10,1,30,0,0,0,2.316843032836914,11.2571960449219,170.13059483111843
218,2014,1,10,2,30,0,0,0,2.106903314590454,11.18047485351565,156.33433528153847
219,2014,1,10,3,30,0,0,0,1.8248429298400881,11.111962890625025,142.57644680168147
220,2014,1,10,4,30,0,0,0,1.6013631820678709,11.031213378906275,128.92262884830095
221,2014,1,10,5,30,0,0,0,1.5983719825744631,10.798913574218775,115.43664607761801
222,2014,1,10,6,30,0,0,0,1.9175013303756716,10.257592773437525,102.20585114458643
223,2014,1,10,7,30,0,0,0,2.3407769203186035,10.43840942382815,89.3577446358992
224,2014,1,10,8,30,108,88,90,2.5651440620422363,12.307824707031275,77.11193871182375
225,2014,1,10,9,30,410,72,826,2.7196025848388667,15.1959167480469,65.8060896368622
226,2014,1,10,10,30,593,82,914,3.050970554351806,18.044793701171894,56.028581289860156
227,2014,1,10,11,30,719,88,957,3.352378368377685,20.210260009765648,48.718613040097495
228,2014,1,10,12,30,778,90,974,3.452988862991333,21.555535888671894,45.099248719533556
229,2014,1,10,13,30,763,89,971,3.4299070835113525,22.163293457031273,46.0520061650103
230,2014,1,10,14,30,677,85,948,3.1873936653137207,22.175592041015648,51.322442054806174
231,2014,1,10,15,30,527,76,896,2.580418109893799,21.625421142578148,59.776226339645184
232,2014,1,10,16,30,329,61,794,1.886559009552002,20.104760742187523,70.26874824507726
233,2014,1,10,17,30,116,43,531,1.5802435874938965,17.848626708984398,82.01442286355787
234,2014,1,10,18,30,0,0,0,1.5478982925415041,16.226434326171898,94.54134069087885
235,2014,1,10,19,30,0,0,0,1.505571365356445,15.32500610351565,107.56554440382808
236,2014,1,10,20,30,0,0,0,1.5598366260528564,14.460656738281275,120.91611924070035
237,2014,1,10,21,30,0,0,0,1.917313814163208,13.62761840820315,134.48266750166104
238,2014,1,10,22,30,0,0,0,2.536283016204834,12.8073669433594,148.1891411030758
239,2014,1,10,23,30,0,0,0,3.1327757835388184,11.954614257812526,161.9744560296179
240,2014,1,11,0,30,0,0,0,3.514487266540528,11.058862304687525,175.69282139593238
241,2014,1,11,1,30,0,0,0,3.7238824367523193,10.18255004882815,170.19917745763922
242,2014,1,11,2,30,0,0,0,3.8868274688720703,9.467492675781275,156.4055375013404
243,2014,1,11,3,30,0,0,0,4.022001266479491,9.03801879882815,142.64162901756825
244,2014,1,11,4,30,0,0,0,4.097267150878906,8.8507019042969,128.97930653353762
245,2014,1,11,5,30,0,0,0,4.1385135650634775,8.776666259765648,115.48284558270632
246,2014,1,11,6,30,0,0,0,4.146339416503906,8.916162109375025,102.23925531493224
247,2014,1,11,7,30,0,0,0,3.9855670928955083,10.3182312011719,89.37522542115057
248,2014,1,11,8,30,98,86,51,3.513993978500366,13.2388854980469,77.10917127308339
249,2014,1,11,9,30,186,168,43,2.9198734760284424,16.835717773437526,65.77697135521119
250,2014,1,11,10,30,371,273,174,2.538413047790528,20.189538574218773,55.965314544744885
251,2014,1,11,11,30,610,248,548,2.3346893787384038,22.157159423828148,48.61393756566032
252,2014,1,11,12,30,685,257,604,2.3015377521514893,22.779046630859398,44.9533443827384
253,2014,1,11,13,30,765,89,970,2.5361695289611816,22.531274414062523,45.87865912279775
254,2014,1,11,14,30,677,85,943,2.9734997749328613,21.553735351562523,51.1411479270651
255,2014,1,11,15,30,525,76,887,3.349918365478516,19.853326416015648,59.59984639886035
256,2014,1,11,16,30,223,140,244,3.5422029495239262,17.398950195312526,70.10226564762425
257,2014,1,11,17,30,19,19,0,3.615394115447998,14.9804626464844,81.85875400173923
258,2014,1,11,18,30,0,0,0,3.4560532569885254,13.429467773437526,94.39589532892414
259,2014,1,11,19,30,0,0,0,3.09939956665039,12.536340332031275,107.42940926332486
260,2014,1,11,20,30,0,0,0,2.6885805130004883,11.9184509277344,120.78833842469419
261,2014,1,11,21,30,0,0,0,2.3072991371154785,11.465844726562526,134.36227393999835
262,2014,1,11,22,30,0,0,0,2.0106277465820312,11.050744628906275,148.0748669995238
263,2014,1,11,23,30,0,0,0,1.7912647724151611,10.680871582031275,161.86325405755616
264,2014,1,12,0,30,0,0,0,1.601574182510376,10.398095703125025,175.5576913221745
265,2014,1,12,1,30,0,0,0,1.4314875602722168,10.11394653320315,170.26172749882863
266,2014,1,12,2,30,0,0,0,1.1641592979431152,9.7055603027344,156.47260433813727
267,2014,1,12,3,30,0,0,0,0.7621626853942871,9.1907897949219,142.70290768130826
268,2014,1,12,4,30,0,0,0,0.4391849935054779,8.755975341796898,129.0319994594593
269,2014,1,12,5,30,0,0,0,0.4074805974960327,8.499536132812523,115.52484957584512
270,2014,1,12,6,30,0,0,0,0.5995022058486938,8.703027343750023,102.26816881011005
271,2014,1,12,7,30,0,0,0,0.7616695761680603,10.66277465820315,89.38785043134226
272,2014,1,12,8,30,156,74,366,0.8537319898605347,13.7348571777344,77.10109591037887
273,2014,1,12,9,30,228,184,107,1.0580343008041382,16.325738525390648,65.74202021301214
274,2014,1,12,10,30,516,180,600,1.3082401752471924,18.376214599609398,55.89564354450231
275,2014,1,12,11,30,372,320,78,1.4492913484573364,19.512567138671894,48.50237328427382
276,2014,1,12,12,30,544,361,257,1.5409791469573977,19.405603027343773,44.80048775397538
277,2014,1,12,13,30,515,357,226,1.5451197624206543,18.857446289062523,45.69907402213753
278,2014,1,12,14,30,208,202,9,1.3744895458221436,18.497766113281273,50.95493498190278
279,2014,1,12,15,30,342,237,205,1.1595909595489502,17.946862792968773,59.41993829662325
280,2014,1,12,16,30,16,16,0,1.1457667350769043,16.922021484375026,69.93342038531057
281,2014,1,12,17,30,57,57,0,1.2383503913879397,15.65020141601565,81.70162483330374
282,2014,1,12,18,30,0,0,0,1.1989076137542725,14.7186218261719,94.24967683446314
283,2014,1,12,19,30,0,0,0,1.086512327194214,14.101159667968775,107.29302092562568
284,2014,1,12,20,30,0,0,0,1.2675929069519043,13.566064453125026,120.66068710484416
285,2014,1,12,21,30,0,0,0,1.8249344825744631,13.151025390625026,134.24225600526933
286,2014,1,12,22,30,0,0,0,2.4472968578338623,12.75213012695315,147.96101921773192
287,2014,1,12,23,30,0,0,0,2.979822397232056,12.2083679199219,161.75204011489143
288,2014,1,13,0,30,0,0,0,3.400486946105957,11.487695312500026,175.4188275666655
289,2014,1,13,1,30,0,0,0,3.707555770874024,10.572106933593775,170.31777741494759
290,2014,1,13,2,30,0,0,0,3.920237064361572,9.55437622070315,156.53532036160058
291,2014,1,13,3,30,0,0,0,4.079539299011231,8.573175048828148,142.7601350424805
292,2014,1,13,4,30,0,0,0,4.2246108055114755,7.644860839843773,129.08059614183358
293,2014,1,13,5,30,0,0,0,4.386645793914795,6.828515625000023,115.56257277975463
294,2014,1,13,6,30,0,0,0,4.532665252685547,6.340081787109398,102.29252883718316
295,2014,1,13,7,30,0,0,0,4.4890708923339835,7.154016113281273,89.3955784455644
296,2014,1,13,8,30,200,55,651,4.190120220184326,9.829064941406275,77.08769300242216
297,2014,1,13,9,30,423,72,851,3.75386118888855,13.485375976562526,65.70123881522362
298,2014,1,13,10,30,609,82,936,3.3636903762817383,17.049584960937526,55.819592326702
299,2014,1,13,11,30,736,88,975,3.0617389678955083,19.678338623046894,48.38396231196291
300,2014,1,13,12,30,794,90,988,2.711987257003784,21.092614746093773,44.640737130081824
301,2014,1,13,13,30,778,89,982,2.40783166885376,21.491906738281273,45.5133314622345
302,2014,1,13,14,30,690,85,956,2.235092163085937,21.182977294921894,50.763907803887776
303,2014,1,13,15,30,538,77,902,2.1645426750183105,20.305200195312523,59.23661949238522
304,2014,1,13,16,30,339,62,801,2.358543157577514,18.343103027343773,69.76233034571395
305,2014,1,13,17,30,124,25,672,2.6786279678344727,15.697351074218775,81.54314578611095
306,2014,1,13,18,30,0,0,0,2.7598700523376465,13.704003906250026,94.10278373258421
307,2014,1,13,19,30,0,0,0,2.6061327457427983,12.5543151855469,107.15646293819964
308,2014,1,13,20,30,0,0,0,2.36763858795166,11.5683532714844,120.53323050670372
309,2014,1,13,21,30,0,0,0,2.082763195037842,10.47490844726565,134.1226551379685
310,2014,1,13,22,30,0,0,0,1.7990604639053345,9.545983886718775,147.8476037766576
311,2014,1,13,23,30,0,0,0,1.6924216747283936,8.87285766601565,161.64075190441582
312,2014,1,14,0,30,0,0,0,1.8020844459533687,8.455041503906273,175.27604852648173
313,2014,1,14,1,30,0,0,0,1.9396064281463623,8.268640136718773,170.3668560319698
314,2014,1,14,2,30,0,0,0,1.9074358940124512,8.091424560546898,156.59346991658262
315,2014,1,14,3,30,0,0,0,1.848127365112305,7.708001708984398,142.8131649188939
316,2014,1,14,4,30,0,0,0,2.0292682647705083,7.094781494140648,129.12498757527808
317,2014,1,14,5,30,0,0,0,2.3649933338165283,6.485070800781273,115.59593296673893
318,2014,1,14,6,30,0,0,0,2.65747594833374,6.370263671875023,102.31227604453704
319,2014,1,14,7,30,0,0,0,2.723560333251953,7.803430175781273,89.39837191494209
320,2014,1,14,8,30,195,54,632,2.5319669246673584,10.559106445312525,77.06894677101765
321,2014,1,14,9,30,416,72,835,2.228190422058105,13.46001586914065,65.65463359225622
322,2014,1,14,10,30,603,82,924,1.9019103050231931,16.019921875000026,55.73718851870322
323,2014,1,14,11,30,733,88,968,1.6412780284881592,17.861749267578148,48.258749864655705
324,2014,1,14,12,30,794,90,986,1.4903274774551392,18.930902099609398,44.47415338001842
325,2014,1,14,13,30,782,90,984,1.3882989883422852,19.367730712890648,45.321514466070255
326,2014,1,14,14,30,697,85,962,1.2658193111419678,19.285974121093773,50.56817321258856
327,2014,1,14,15,30,546,77,912,1.0370848178863523,18.622064208984398,59.0500089329376
328,2014,1,14,16,30,346,62,814,1.0674800872802734,17.046075439453148,69.58911385932092
329,2014,1,14,17,30,128,26,685,1.572547435760498,14.64922485351565,81.38342670655895
330,2014,1,14,18,30,0,0,0,1.9178113937377932,12.682275390625026,93.95531306388949
331,2014,1,14,19,30,0,0,0,1.775570511817932,11.393823242187526,107.01981657985606
332,2014,1,14,20,30,0,0,0,1.361150145530701,10.12505493164065,120.40603087819215
333,2014,1,14,21,30,0,0,0,0.8206273913383484,9.035668945312525,134.0035091137793
334,2014,1,14,22,30,0,0,0,0.5431929230690002,8.289666748046898,147.7346223175614
335,2014,1,14,23,30,0,0,0,1.0066156387329102,7.893914794921898,161.5293222969734
336,2014,1,15,0,30,0,0,0,1.9323747158050537,7.739282226562523,175.1291855221924
337,2014,1,15,1,30,0,0,0,2.811448335647583,7.635095214843773,170.40849227269362
338,2014,1,15,2,30,0,0,0,3.4858763217926025,7.451104736328148,156.6468377777901
339,2014,1,15,3,30,0,0,0,3.883141040802002,7.138635253906273,142.86185303273803
340,2014,1,15,4,30,0,0,0,3.949517726898194,6.562127685546898,129.16506744907218
341,2014,1,15,5,30,0,0,0,3.773725986480713,5.642541503906273,115.62485110457978
342,2014,1,15,6,30,0,0,0,3.5627996921539307,4.932763671875024,102.327354617658
343,2014,1,15,7,30,0,0,0,3.2521541118621826,6.008935546875023,89.39619701719826
344,2014,1,15,8,30,203,55,658,2.988745212554932,8.733056640625023,77.0448453044869
345,2014,1,15,9,30,430,73,864,2.8546974658966064,11.292626953125026,65.60221479790492
346,2014,1,15,10,30,620,83,951,2.5596282482147217,13.221887207031275,55.64846331751338
347,2014,1,15,11,30,751,89,991,2.1974773406982417,14.59478149414065,48.126784223534784
348,2014,1,15,12,30,812,91,1007,1.9931801557540891,15.32207641601565,44.30079989598462
349,2014,1,15,13,30,798,90,1003,2.0059857368469243,15.378869628906275,45.123708427731884
350,2014,1,15,14,30,711,86,980,2.2198691368103027,14.760217285156275,50.367840197006686
351,2014,1,15,15,30,559,78,930,2.4969911575317383,13.48320922851565,58.86022695941293
352,2014,1,15,16,30,357,63,835,2.6785542964935303,11.373376464843775,69.41388958989094
353,2014,1,15,17,30,135,26,713,2.7858119010925293,8.738366699218773,81.22257675197211
354,2014,1,15,18,30,0,0,0,2.743472099304199,6.813500976562523,93.80736029373709
355,2014,1,15,19,30,0,0,0,2.514606475830078,5.759484863281273,106.88316079709034
356,2014,1,15,20,30,0,0,0,2.2210102081298833,4.930810546875024,120.27914746279949
357,2014,1,15,21,30,0,0,0,1.9835803508758545,4.228540039062524,133.88485206751437
358,2014,1,15,22,30,0,0,0,1.9486663341522217,3.6357360839843977,147.62207220800846
359,2014,1,15,23,30,0,0,0,2.1696362495422363,3.1882568359375227,161.41767962436805
360,2014,1,16,0,30,0,0,0,2.52664852142334,2.8775268554687727,174.9780831199884
361,2014,1,16,1,30,0,0,0,2.8637540340423584,2.6513305664062727,170.4422192489084
362,2014,1,16,2,30,0,0,0,3.110935688018799,2.453179931640648,156.6952098339363
363,2014,1,16,3,30,0,0,0,3.2611408233642583,2.2347045898437727,142.9060573509765
364,2014,1,16,4,30,0,0,0,3.358860492706299,1.9844909667968975,129.2007323610517
365,2014,1,16,5,30,0,0,0,3.4396815299987797,1.7361999511718975,115.64925149827974
366,2014,1,16,6,30,0,0,0,3.5318565368652344,1.841607666015648,102.33771237016971
367,2014,1,16,7,30,0,0,0,3.426198482513428,3.663995361328148,89.3890237069466
368,2014,1,16,8,30,208,56,676,2.960867166519165,7.565423583984398,77.01538057671156
369,2014,1,16,9,30,439,73,882,2.653510332107544,12.259484863281275,65.5439965037994
370,2014,1,16,10,30,632,84,970,2.6521201133728027,16.074761962890648,55.55345146714291
371,2014,1,16,11,30,767,90,1011,2.553050994873047,18.203668212890648,47.98811669851318
372,2014,1,16,12,30,829,92,1026,2.3364124298095703,19.229180908203148,44.12074254303248
373,2014,1,16,13,30,815,91,1022,2.076164722442627,19.590936279296894,44.92000105902917
374,2014,1,16,14,30,726,87,998,1.7097921371459959,19.476403808593773,50.16301984947817
375,2014,1,16,15,30,571,78,948,1.1243458986282349,18.784478759765648,58.66739521338498
376,2014,1,16,16,30,232,148,237,0.4622978568077088,16.861993408203148,69.236776424897
377,2014,1,16,17,30,131,34,624,0.7248364090919495,14.06279907226565,81.0607042844368
378,2014,1,16,18,30,0,0,0,1.5403228998184204,11.972863769531275,93.65901922429913
379,2014,1,16,19,30,0,0,0,1.87206506729126,10.498071289062525,106.74657214443344
380,2014,1,16,20,30,0,0,0,1.9325292110443115,8.906152343750025,120.15263647740042
381,2014,1,16,21,30,0,0,0,1.8289957046508791,7.423638916015648,133.76671452152337
382,2014,1,16,22,30,0,0,0,1.607203245162964,6.179254150390648,147.50994664978467
383,2014,1,16,23,30,0,0,0,1.3097200393676758,5.585473632812524,161.30574797478502
384,2014,1,17,0,30,0,0,0,0.9946016073226928,5.957971191406273,174.8225993196021
385,2014,1,17,1,30,0,0,0,0.7393532991409302,6.513848876953148,170.467578658107
386,2014,1,17,2,30,0,0,0,0.6671756505966187,6.644616699218773,156.73837379848655
387,2014,1,17,3,30,0,0,0,0.7921657562255859,6.653710937500023,142.9456384286073
388,2014,1,17,4,30,0,0,0,0.9627596139907836,6.600427246093773,129.23188202897256
389,2014,1,17,5,30,0,0,0,1.0589122772216797,6.647973632812523,115.66906192761805
390,2014,1,17,6,30,0,0,0,1.002380132675171,7.261926269531273,102.3433008300187
391,2014,1,17,7,30,0,0,0,0.8353859186172485,8.79717407226565,89.37682576167046
392,2014,1,17,8,30,201,55,650,0.8262722492218018,11.17522583007815,76.98054846208441
393,2014,1,17,9,30,426,72,852,1.2543352842330933,13.79680786132815,65.47999659044258
394,2014,1,17,10,30,615,83,938,1.92905592918396,15.827416992187526,55.452191233556455
395,2014,1,17,11,30,745,89,978,2.440633773803711,16.927270507812526,47.842801590015014
396,2014,1,17,12,30,806,91,992,2.738217830657959,17.286737060546898,43.934049607294604
397,2014,1,17,13,30,792,90,988,2.9404237270355225,16.904473876953148,44.7104823354593
398,2014,1,17,14,30,706,86,964,3.052246570587158,15.95256958007815,49.95382529877568
399,2014,1,17,15,30,555,77,913,3.0962505340576167,14.61931762695315,58.47163654219672
400,2014,1,17,16,30,355,63,817,3.0798449516296387,12.822045898437526,69.0578933659805
401,2014,1,17,17,30,136,29,678,3.0574636459350586,11.1905456542969,80.89791676633223
402,2014,1,17,18,30,0,0,0,2.9844155311584477,10.38591918945315,93.51038190965679
403,2014,1,17,19,30,0,0,0,2.772876501083374,10.03167114257815,106.6101247287667
404,2014,1,17,20,30,0,0,0,2.547989845275879,9.82488403320315,120.02655109462583
405,2014,1,17,21,30,0,0,0,2.3279504776000977,9.6890808105469,133.6491234187641
406,2014,1,17,22,30,0,0,0,2.0785202980041504,9.468896484375025,147.39823479072462
407,2014,1,17,23,30,0,0,0,1.8089143037796018,9.26836547851565,161.19344749119284
408,2014,1,18,0,30,0,0,0,1.5988504886627195,9.217858886718775,174.66260561625168
409,2014,1,18,1,30,0,0,0,1.4393742084503174,8.881677246093775,170.4841254075762
410,2014,1,18,2,30,0,0,0,1.3127789497375488,8.502130126953148,156.7761199432108
411,2014,1,18,3,30,0,0,0,1.3166673183441162,8.533715820312523,142.98045975353273
412,2014,1,18,4,30,0,0,0,1.4625812768936155,8.588464355468773,129.2584194984183
413,2014,1,18,5,30,0,0,0,1.65409255027771,8.492639160156273,115.68421377971342
414,2014,1,18,6,30,0,0,0,1.7402920722961426,8.400445556640648,102.34407532043821
415,2014,1,18,7,30,0,0,0,1.8685449361801147,8.835168457031275,89.35958082315146
416,2014,1,18,8,30,68,68,0,2.0343179702758794,10.114221191406275,76.94034874612075
417,2014,1,18,9,30,430,73,858,2.056761741638184,11.51555786132815,65.41023673486488
418,2014,1,18,10,30,622,83,947,1.9893927574157717,12.935815429687526,55.34472437710574
419,2014,1,18,11,30,756,89,990,1.8696272373199463,14.8150573730469,47.69089614904493
420,2014,1,18,12,30,819,92,1007,1.7623865604400637,16.380303955078148,43.740791742902935
421,2014,1,18,13,30,807,91,1003,1.6594283580780032,17.253259277343773,44.49524444171865
422,2014,1,18,14,30,720,86,980,1.4900736808776855,17.497155761718773,49.7403716427149
423,2014,1,18,15,30,567,78,930,1.2760920524597168,16.881707763671898,58.27307490351428
424,2014,1,18,16,30,364,64,834,1.4408090114593506,15.12310180664065,68.87735941977996
425,2014,1,18,17,30,142,30,693,1.9647221565246584,12.509484863281275,80.73432065754919
426,2014,1,18,18,30,0,0,0,2.2649569511413574,10.405480957031275,93.36153857399492
427,2014,1,18,19,30,0,0,0,2.212639570236206,9.0082946777344,106.47389015759018
428,2014,1,18,20,30,0,0,0,1.9253342151641848,8.277612304687523,119.90094142956663
429,2014,1,18,21,30,0,0,0,1.5957132577896118,8.160028076171898,133.53210216009705
430,2014,1,18,22,30,0,0,0,1.3836232423782349,7.934075927734398,147.2869218400626
431,2014,1,18,23,30,0,0,0,1.3067153692245483,7.738824462890648,161.08069467249382
432,2014,1,19,0,30,0,0,0,1.3939414024353027,7.715112304687523,174.49798694634597
433,2014,1,19,1,30,0,0,0,1.663907527923584,7.764276123046898,170.49143236935572
434,2014,1,19,2,30,0,0,0,1.9927810430526731,7.865594482421898,156.8082418508505
435,2014,1,19,3,30,0,0,0,2.239800453186035,7.994653320312523,143.0103880916713
436,2014,1,19,4,30,0,0,0,2.4218482971191406,7.473657226562523,129.28025134692567
437,2014,1,19,5,30,0,0,0,2.6312661170959477,6.330010986328148,115.69464217648779
438,2014,1,19,6,30,0,0,0,2.675970554351806,6.112725830078148,102.33999503562607
439,2014,1,19,7,30,0,0,0,2.3533620834350586,8.077600097656273,89.3372704345322
440,2014,1,19,8,30,203,55,651,1.8500484228134155,11.4969421386719,76.89478513180825
441,2014,1,19,9,30,429,73,852,1.7135093212127686,15.066918945312526,65.33474239501943
442,2014,1,19,10,30,618,83,937,1.9407989978790283,17.704980468750023,55.231096122825264
443,2014,1,19,11,30,749,89,977,2.0788488388061523,19.036523437500023,47.53246053576522
444,2014,1,19,12,30,810,91,991,2.1385130882263184,19.601770019531273,43.541041917725686
445,2014,1,19,13,30,796,91,985,2.2158489227294917,19.403741455078148,44.27438171677112
446,2014,1,19,14,30,593,232,555,2.3773093223571777,18.628076171875023,49.522775880234384
447,2014,1,19,15,30,505,126,715,2.605620145797729,17.312219238281273,58.07183526902047
448,2014,1,19,16,30,359,64,812,2.8554556369781494,15.3796325683594,68.69529348887862
449,2014,1,19,17,30,140,31,662,3.0590362548828125,13.31829223632815,80.57002131452376
450,2014,1,19,18,30,0,0,0,2.9471707344055176,11.7878356933594,93.21257753285816
451,2014,1,19,19,30,0,0,0,2.5071392059326167,10.5543151855469,106.33793749141243
452,2014,1,19,20,30,0,0,0,2.081169605255127,9.292443847656275,119.77585453102027
453,2014,1,19,21,30,0,0,0,1.7626136541366575,8.735101318359398,133.41567064597342
454,2014,1,19,22,30,0,0,0,1.512214183807373,8.791802978515648,147.1759891876533
455,2014,1,19,23,30,0,0,0,1.484567642211914,8.682336425781273,160.96740267762942
456,2014,1,20,0,30,0,0,0,1.7137501239776611,8.423974609375023,174.32864152816273
457,2014,1,20,1,30,0,0,0,1.993920087814331,8.100732421875023,170.48909515194518
458,2014,1,20,2,30,0,0,0,2.1873879432678223,7.741632080078148,156.83453718196122
459,2014,1,20,3,30,0,0,0,2.374539375305176,7.468591308593773,143.0352938306531
460,2014,1,20,4,30,0,0,0,2.6328787803649902,7.315515136718773,129.29728788315904
461,2014,1,20,5,30,0,0,0,2.906778573989868,7.233697509765648,115.70028609657743
462,2014,1,20,6,30,0,0,0,3.1919639110565186,7.290917968750023,102.33102311088389
463,2014,1,20,7,30,0,0,0,3.48424768447876,8.367639160156273,89.30988007266774
464,2014,1,20,8,30,199,54,633,3.522599935531616,11.191064453125025,76.8438652417385
465,2014,1,20,9,30,422,72,835,3.2022292613983154,14.91936645507815,65.25354279075907
466,2014,1,20,10,30,611,83,923,3.0057082176208496,18.539361572265648,55.11135512835581
467,2014,1,20,11,30,743,89,965,3.0353808403015137,21.235437011718773,47.36755777660616
468,2014,1,20,12,30,805,91,981,3.0467739105224614,22.560998535156273,43.334875358021186
469,2014,1,20,13,30,793,90,977,3.0017876625061035,22.946221923828148,44.04799059860545
470,2014,1,20,14,30,708,86,953,2.793026924133301,22.794885253906273,49.301156842904454
471,2014,1,20,15,30,558,78,903,2.3037800788879395,22.137963867187523,57.86804352762086
472,2014,1,20,16,30,360,64,808,1.5797810554504397,20.526727294921894,68.51181426323048
473,2014,1,20,17,30,142,32,656,1.282878279685974,18.093621826171894,80.40512289122738
474,2014,1,20,18,30,0,0,0,1.505387544631958,16.207177734375026,93.06358511765623
475,2014,1,20,19,30,0,0,0,1.636688470840454,15.037622070312526,106.20233319997256
476,2014,1,20,20,30,0,0,0,1.5561964511871338,13.976708984375026,119.65133437692732
477,2014,1,20,21,30,0,0,0,1.3349121809005735,13.1607604980469,133.29984532222753
478,2014,1,20,22,30,0,0,0,1.1928271055221558,12.625024414062526,147.06541452652556
479,2014,1,20,23,30,0,0,0,1.3714730739593506,12.27153930664065,160.85348163269518
480,2014,1,21,0,30,0,0,0,1.8246002197265625,11.907556152343775,174.15448061003616
481,2014,1,21,1,30,0,0,0,2.3596699237823486,11.363854980468775,170.47673676170226
482,2014,1,21,2,30,0,0,0,2.905137062072754,10.71672973632815,156.85480845098473
483,2014,1,21,3,30,0,0,0,3.3915920257568364,10.0982604980469,143.05505132088058
484,2014,1,21,4,30,0,0,0,3.7600891590118413,9.51445922851565,129.30944334087923
485,2014,1,21,5,30,0,0,0,4.0483903884887695,9.045800781250025,115.70108849123999
486,2014,1,21,6,30,0,0,0,4.207242012023927,8.95769653320315,102.31712668709257
487,2014,1,21,7,30,0,0,0,4.04015588760376,10.3268981933594,89.27739917596224
488,2014,1,21,8,30,201,55,638,3.714256048202514,12.838830566406275,76.78760061596655
489,2014,1,21,9,30,426,73,840,3.491936206817627,14.992822265625026,65.1666708817621
490,2014,1,21,10,30,617,84,928,3.251465320587158,16.645593261718773,54.98555344982329
491,2014,1,21,11,30,751,90,972,2.9759094715118413,17.858514404296898,47.19625372005585
492,2014,1,21,12,30,815,92,990,2.7555923461914062,18.490228271484398,43.12236949210666
493,2014,1,21,13,30,805,92,988,2.626089096069336,18.446954345703148,43.81616956884375
494,2014,1,21,14,30,721,87,966,2.6459903717041016,17.746209716796898,49.07563512608146
495,2014,1,21,15,30,571,79,918,2.8009510040283203,16.368676757812526,57.661826387717284
496,2014,1,21,16,30,370,65,826,2.9528234004974365,14.00847778320315,68.3270401119955
497,2014,1,21,17,30,148,33,676,2.9969921112060547,10.997277832031275,80.23972824203942
498,2014,1,21,18,30,0,0,0,2.782434463500977,8.754785156250023,92.91464560330307
499,2014,1,21,19,30,0,0,0,2.2866694927215576,7.573937988281273,106.06714112258464
500,2014,1,21,20,30,0,0,0,1.6985459327697754,6.732446289062523,119.52742187407455
501,2014,1,21,21,30,0,0,0,1.2267022132873535,5.992822265625023,133.1846392298089
502,2014,1,21,22,30,0,0,0,1.2016239166259766,5.344232177734399,146.95517197899247
503,2014,1,21,23,30,0,0,0,1.600165843963623,4.792840576171899,160.73883894069562
504,2014,1,22,0,30,0,0,0,2.031106472015381,4.293084716796899,173.9754281385897
505,2014,1,22,1,30,0,0,0,2.3062167167663574,3.890924072265648,170.45401201883448
506,2014,1,22,2,30,0,0,0,2.417130947113037,3.5762878417968977,156.8688638059472
507,2014,1,22,3,30,0,0,0,2.429903984069824,3.3375183105468977,143.0695392120221
508,2014,1,22,4,30,0,0,0,2.398279428482056,3.1725097656250227,129.31663606665836
509,2014,1,22,5,30,0,0,0,2.323204517364502,3.0520874023437727,115.69699639419416
510,2014,1,22,6,30,0,0,0,2.2336714267730717,3.4445739746093977,102.29827696937878
511,2014,1,22,7,30,0,0,0,2.0382893085479736,5.785211181640648,89.23982116752018
512,2014,1,22,8,30,202,55,637,1.7298579216003418,9.597253417968775,76.72600670575281
513,2014,1,22,9,30,426,73,837,1.5893499851226809,12.9020935058594,65.07416334220684
514,2014,1,22,10,30,616,84,924,1.6188344955444336,15.292199707031275,54.85374650570768
515,2014,1,22,11,30,748,90,965,1.6499375104904177,17.012261962890648,47.018616991278456
516,2014,1,22,12,30,811,92,981,1.697319746017456,18.129479980468773,42.903603893166384
517,2014,1,22,13,30,800,92,977,1.7590932846069336,18.620599365234398,43.57901909718397
518,2014,1,22,14,30,716,87,954,1.8556299209594729,18.450341796875023,48.84633301951408
519,2014,1,22,15,30,566,79,905,2.1889574527740483,17.414086914062526,57.45331127900954
520,2014,1,22,16,30,368,65,813,2.7342114448547363,15.04082641601565,68.14108897581404
521,2014,1,22,17,30,148,34,658,3.048020839691162,11.71831665039065,80.07393882678757
522,2014,1,22,18,30,0,0,0,2.9316606521606445,9.0975280761719,92.76584113919729
523,2014,1,22,19,30,0,0,0,2.548403739929199,7.673974609375023,105.93242243228342
524,2014,1,22,20,30,0,0,0,2.1373975276947017,6.817376708984398,119.40415486199663
525,2014,1,22,21,30,0,0,0,1.9279923439025881,6.262109375000023,133.07006205861472
526,2014,1,22,22,30,0,0,0,1.9702012538909912,5.916497802734398,146.84523222602672
527,2014,1,22,23,30,0,0,0,2.134448766708374,5.843652343750023,160.6233795941283
528,2014,1,23,0,30,0,0,0,2.330308198928833,6.142388916015648,173.79142036027127
529,2014,1,23,1,30,0,0,0,2.549274444580078,6.749169921875023,170.4206115923132
530,2014,1,23,2,30,0,0,0,2.72223162651062,7.348046875000023,156.87651780561868
531,2014,1,23,3,30,0,0,0,2.810479164123535,7.677728271484398,143.07864078358443
532,2014,1,23,4,30,0,0,0,2.899096965789795,7.697229003906273,129.31878870082446
533,2014,1,23,5,30,0,0,0,3.030616283416748,7.493249511718773,115.68796102468642
534,2014,1,23,6,30,0,0,0,3.187406301498413,7.669824218750023,102.27444927982931
535,2014,1,23,7,30,0,0,0,3.1134250164031982,9.570703125000025,89.19714347360393
536,2014,1,23,8,30,199,55,623,2.7315845489501958,13.09978637695315,76.65910286310013
537,2014,1,23,9,30,420,73,820,2.482415199279785,17.135522460937526,64.97606053249179
538,2014,1,23,10,30,608,84,907,2.464881420135498,20.723718261718773,54.71599303869618
539,2014,1,23,11,30,617,273,503,2.289785385131836,23.143945312500023,46.83471894559603
540,2014,1,23,12,30,802,92,965,1.77198326587677,24.632867431640648,42.67866022128037
541,2014,1,23,13,30,791,92,961,1.1884150505065918,25.189691162109398,43.33664158587185
542,2014,1,23,14,30,708,87,938,1.293609619140625,24.669091796875023,48.61337443763325
543,2014,1,23,15,30,560,79,889,2.2624027729034424,23.189141845703148,57.24262625354145
544,2014,1,23,16,30,324,103,587,3.2569563388824463,20.525079345703148,67.95407825984358
545,2014,1,23,17,30,130,49,461,3.8459548950195312,17.153680419921898,79.90785461794235
546,2014,1,23,18,30,0,0,0,4.0337419509887695,14.412377929687526,92.61725168348528
547,2014,1,23,19,30,0,0,0,3.9340114593505864,13.13359985351565,105.79823560412504
548,2014,1,23,20,30,0,0,0,3.845116376876831,12.9703308105469,119.28156812095202
549,2014,1,23,21,30,0,0,0,3.72510027885437,12.7675720214844,132.9561202049525
550,2014,1,23,22,30,0,0,0,3.5214548110961914,12.27361450195315,146.73556264003122
551,2014,1,23,23,30,0,0,0,3.443953275680542,11.8388610839844,160.50700648979162
552,2014,1,24,0,30,0,0,0,3.395918369293213,11.4094177246094,173.6024053686887
553,2014,1,24,1,30,0,0,0,3.24300479888916,10.92461547851565,170.37626552452332
554,2014,1,24,2,30,0,0,0,2.995736122131348,10.45940551757815,156.8775921879764
555,2014,1,24,3,30,0,0,0,2.6216115951538086,9.86138305664065,143.08224426773222
556,2014,1,24,4,30,0,0,0,2.1766829490661617,9.045678710937525,129.31582835086664
557,2014,1,24,5,30,0,0,0,1.822397232055664,8.265649414062523,115.67393788380222
558,2014,1,24,6,30,0,0,0,1.6374306678771973,7.777001953125023,102.245623104102
559,2014,1,24,7,30,0,0,0,1.4861335754394531,8.210870361328148,89.14936753728014
560,2014,1,24,8,30,82,80,9,1.2757768630981443,9.657861328125025,76.58691232621948
561,2014,1,24,9,30,101,101,0,1.2371143102645874,11.423913574218775,64.87240646784647
562,2014,1,24,10,30,213,204,15,1.5983839035034182,12.8035827636719,54.57235507576861
563,2014,1,24,11,30,309,287,32,2.093039035797119,13.5508972167969,46.64463362104106
564,2014,1,24,12,30,125,125,0,2.4581990242004395,13.89934692382815,42.44762216479217
565,2014,1,24,13,30,274,261,18,2.6659274101257324,13.531762695312526,43.08914131427596
566,2014,1,24,14,30,227,219,12,2.757894277572632,12.662011718750026,48.37688484938879
567,2014,1,24,15,30,128,128,0,2.794053554534912,11.481347656250026,57.029899886279104
568,2014,1,24,16,30,84,84,0,2.7242555618286133,10.026574707031275,67.76612472730051
569,2014,1,24,17,30,150,37,635,2.5118029117584233,8.772332763671898,79.74157400999606
570,2014,1,24,18,30,0,0,0,2.1963944435119633,7.866113281250023,92.46895494077722
571,2014,1,24,19,30,0,0,0,1.9376174211502075,7.225274658203148,105.66463638728969
572,2014,1,24,20,30,0,0,0,1.8568403720855715,6.727258300781273,119.15969338398008
573,2014,1,24,21,30,0,0,0,1.8558502197265625,6.464135742187523,132.84281683292858
574,2014,1,24,22,30,0,0,0,1.8506922721862795,6.462304687500023,146.62612742069547
575,2014,1,24,23,30,0,0,0,1.8764684200286863,6.520654296875023,160.3896207457968
576,2014,1,25,0,30,0,0,0,1.9665073156356807,6.535272216796898,173.40834261002146
577,2014,1,25,1,30,0,0,0,2.1687459945678706,6.623101806640648,170.32074613164315
578,2014,1,25,2,30,0,0,0,2.5270445346832275,6.771020507812523,156.87191662315257
579,2014,1,25,3,30,0,0,0,2.911479949951172,6.738885498046898,143.08024316272846
580,2014,1,25,4,30,0,0,0,3.1790075302124023,6.590875244140648,129.30768675670905
581,2014,1,25,5,30,0,0,0,3.3003218173980717,6.702569580078148,115.6548868435737
582,2014,1,25,6,30,0,0,0,3.2941274642944336,7.340966796875023,102.21178213186651
583,2014,1,25,7,30,0,0,0,3.051441192626953,9.34331665039065,89.09649882738206
584,2014,1,25,8,30,108,92,68,2.5945916175842285,12.59636840820315,76.50946220088737
585,2014,1,25,9,30,325,174,354,2.0870490074157715,16.036523437500026,64.76324878413318
586,2014,1,25,10,30,519,208,535,1.7032239437103271,19.135858154296894,54.42289788653007
587,2014,1,25,11,30,671,239,627,1.4690359830856323,21.307977294921894,46.44843769001852
588,2014,1,25,12,30,731,270,622,1.3118896484375,22.240075683593773,42.210575381108406
589,2014,1,25,13,30,798,93,961,1.3875894546508791,21.823052978515648,42.83662438357227
590,2014,1,25,14,30,715,89,938,1.8292913436889648,20.499444580078148,48.136991207733914
591,2014,1,25,15,30,452,224,416,2.47288179397583,18.953759765625023,56.815261174952404
592,2014,1,25,16,30,370,67,795,2.8661255836486816,16.957604980468773,67.57734439390222
593,2014,1,25,17,30,152,38,629,2.821356773376465,14.445764160156275,79.5751937312843
594,2014,1,25,18,30,0,0,0,2.480897188186645,12.39592895507815,92.3210263031422
595,2014,1,25,19,30,0,0,0,2.0366694927215576,11.6090026855469,105.53167778116652
596,2014,1,25,20,30,0,0,0,1.6214542388916016,11.492089843750026,119.03855935290208
597,2014,1,25,21,30,0,0,0,1.3885903358459473,11.30108032226565,132.73015193928708
598,2014,1,25,22,30,0,0,0,1.4079734086990356,11.11846313476565,146.51688773400733
599,2014,1,25,23,30,0,0,0,1.5790822505950928,10.9382263183594,160.27112202028752
600,2014,1,26,0,30,0,0,0,1.8032647371292116,10.691796875000025,173.20920235776086
601,2014,1,26,1,30,0,0,0,2.026807308197021,10.444421386718775,170.25387018718916
602,2014,1,26,2,30,0,0,0,2.2343130111694336,10.2607360839844,156.859329444296
603,2014,1,26,3,30,0,0,0,2.4241483211517334,10.121484375000025,143.0725365355318
604,2014,1,26,4,30,0,0,0,2.5914416313171387,9.966638183593775,129.29430044722218
605,2014,1,26,5,30,0,0,0,2.7514195442199707,9.827355957031275,115.63077222859215
606,2014,1,26,6,30,0,0,0,2.90929651260376,9.931054687500025,102.17291429105141
607,2014,1,26,7,30,0,0,0,2.946974754333496,10.958093261718775,89.0385468425674
608,2014,1,26,8,30,203,56,625,2.890522003173828,13.743981933593775,76.42678343792545
609,2014,1,26,9,30,428,75,824,2.8084158897399902,17.562951660156273,64.64863870080664
610,2014,1,26,10,30,619,86,913,2.844567060470581,21.049645996093773,54.26768993990554
611,2014,1,26,11,30,754,92,957,2.9791629314422607,23.59578857421877,46.246210410263146
612,2014,1,26,12,30,821,95,976,3.019072294235229,24.935449218750023,41.967607437043036
613,2014,1,26,13,30,813,94,975,3.026371717453003,25.274530029296894,42.57919866176785
614,2014,1,26,14,30,731,90,955,2.8847866058349614,24.932092285156273,47.893821878686076
615,2014,1,26,15,30,583,82,909,2.380300521850586,24.101800537109398,56.59883943944264
616,2014,1,26,16,30,383,68,820,1.6935611963272097,22.344842529296894,67.38785242305214
617,2014,1,26,17,30,160,39,661,1.2524359226226809,19.798394775390648,79.40880875809451
618,2014,1,26,18,30,0,0,0,1.184222936630249,17.911523437500023,92.17353879470244
619,2014,1,26,19,30,0,0,0,1.3581511974334717,16.834619140625026,105.39941001541992
620,2014,1,26,20,30,0,0,0,1.7962361574172974,15.85747680664065,118.91819171822306
621,2014,1,26,21,30,0,0,0,2.466564655303955,14.916162109375026,132.61812242188836
622,2014,1,26,22,30,0,0,0,3.118839263916016,13.9160095214844,146.40780185430555
623,2014,1,26,23,30,0,0,0,3.598310708999634,12.83855590820315,160.15140883127893
624,2014,1,27,0,30,0,0,0,3.902247190475464,11.76690063476565,173.00496516726756
625,2014,1,27,1,30,0,0,0,4.084630012512207,10.776757812500025,170.175500324458
626,2014,1,27,2,30,0,0,0,4.162527084350587,9.946435546875025,156.83967834941072
627,2014,1,27,3,30,0,0,0,4.18410587310791,9.375817871093775,143.05902931161694
628,2014,1,27,4,30,0,0,0,4.208952903747559,9.074548339843775,129.27561088723996
629,2014,1,27,5,30,0,0,0,4.240048408508302,8.941186523437525,115.60156289011543
630,2014,1,27,6,30,0,0,0,4.2370266914367685,9.1704040527344,102.12901177571743
631,2014,1,27,7,30,7,6,55,3.965766429901123,10.91924438476565,88.97552511067445
632,2014,1,27,8,30,207,57,635,3.3453397750854488,14.477746582031275,76.33891080665771
633,2014,1,27,9,30,433,75,831,2.6567811965942383,18.822076416015648,64.52863098110507
634,2014,1,27,10,30,624,86,917,1.9413411617279053,22.586602783203148,54.10680285932188
635,2014,1,27,11,30,758,93,958,1.1912267208099363,24.879663085937523,46.03803357516893
636,2014,1,27,12,30,823,95,973,0.6552149057388306,25.900537109375023,41.718807748788684
637,2014,1,27,13,30,812,95,969,0.5159754753112793,25.94320068359377,42.31697372900898
638,2014,1,27,14,30,728,91,945,0.7940264940261841,25.297052001953148,47.64750657004307
639,2014,1,27,15,30,579,82,896,1.532772421836853,24.058740234375023,56.38076422062022
640,2014,1,27,16,30,379,68,801,2.588530778884888,21.771936035156273,67.19776302198039
641,2014,1,27,17,30,158,40,631,3.47678542137146,18.861108398437523,79.24251223136999
642,2014,1,27,18,30,0,0,0,3.8517856597900386,16.621392822265648,92.02656301953304
643,2014,1,27,19,30,0,0,0,3.760987520217896,15.06780395507815,105.26788053373207
644,2014,1,27,20,30,0,0,0,3.421272754669189,13.75591430664065,118.79861318278051
645,2014,1,27,21,30,0,0,0,2.884965181350708,13.16692504882815,132.50672215158124
646,2014,1,27,22,30,0,0,0,2.1857595443725586,13.2883239746094,146.29882530914466
647,2014,1,27,23,30,0,0,0,1.614487886428833,13.4063659667969,160.03037887725804
648,2014,1,28,0,30,0,0,0,1.33439302444458,13.3349548339844,172.7956213192683
649,2014,1,28,1,30,0,0,0,1.1921014785766602,13.15191040039065,170.0855456255993
650,2014,1,28,2,30,0,0,0,1.052749752998352,12.949731445312526,156.81282106753397
651,2014,1,28,3,30,0,0,0,0.8951759338378906,12.7740417480469,143.0396325506998
652,2014,1,28,4,30,0,0,0,0.7513260245323181,12.618371582031275,129.25156461478085
653,2014,1,28,5,30,0,0,0,0.7231749296188354,12.50335083007815,115.5672322722324
654,2014,1,28,6,30,0,0,0,0.8241808414459229,12.523706054687526,102.08007106771747
655,2014,1,28,7,30,8,7,59,1.0016881227493286,13.13494262695315,88.90745118319343
656,2014,1,28,8,30,85,82,10,1.264554500579834,14.3157897949219,76.24588286469539
657,2014,1,28,9,30,178,166,26,1.575622320175171,15.5604187011719,64.40328388976418
658,2014,1,28,10,30,612,84,897,1.848992109298706,16.958551025390648,53.94031137652274
659,2014,1,28,11,30,745,90,940,2.068061351776123,18.224114990234398,45.82399146364617
660,2014,1,28,12,30,810,93,957,2.3803300857543945,18.397668457031273,41.46426752163567
661,2014,1,28,13,30,802,92,955,2.872778415679932,17.651239013671898,42.050060823332316
662,2014,1,28,14,30,557,316,357,3.3500456809997563,16.547418212890648,47.39817625966013
663,2014,1,28,15,30,339,266,130,3.676460266113281,15.085778808593775,56.16116517854875
664,2014,1,28,16,30,313,134,459,3.829767227172852,13.206140136718775,67.00718933885699
665,2014,1,28,17,30,134,59,396,3.686855316162109,11.054589843750025,79.0763953759257
666,2014,1,28,18,30,0,0,0,3.2941718101501465,9.17620239257815,91.88016711329728
667,2014,1,28,19,30,0,0,0,2.819512128829956,7.753991699218773,105.13713398169136
668,2014,1,28,20,30,0,0,0,2.394037961959839,6.654260253906273,118.67984348936514
669,2014,1,28,21,30,0,0,0,2.0880496501922607,5.769372558593773,132.39594204741368
670,2014,1,28,22,30,0,0,0,1.9528334140777588,5.002099609375024,146.18991102710774
671,2014,1,28,23,30,0,0,0,1.9241887331008911,4.345849609375024,159.90792935792348
672,2014,1,29,0,30,0,0,0,1.7955158948898315,3.757745361328148,172.5811702606494
673,2014,1,29,1,30,0,0,0,1.5719633102416992,3.2021423339843977,169.98396139829484
674,2014,1,29,2,30,0,0,0,1.4921802282333374,2.7516723632812727,156.77862598248873
675,2014,1,29,3,30,0,0,0,1.6113784313201904,2.360284423828148,143.01426370665317
676,2014,1,29,4,30,0,0,0,1.739943265914917,1.9732604980468975,129.22211336757823
677,2014,1,29,5,30,0,0,0,1.77590811252594,1.5854736328125227,115.5277584698833
678,2014,1,29,6,30,0,0,0,1.7600388526916504,1.3228088378906475,102.02609295175358
679,2014,1,29,7,30,9,7,68,1.751622438430786,1.6911560058593975,88.83434662482897
680,2014,1,29,8,30,17,17,0,1.707512140274048,2.7189880371093977,76.14774192377288
681,2014,1,29,9,30,77,77,0,1.6459081172943115,3.9355407714843977,64.27265914799858
682,2014,1,29,10,30,145,143,2,1.6031484603881836,5.365655517578149,53.76829328396615
683,2014,1,29,11,30,243,233,15,1.5388689041137695,7.029443359375023,45.604170789572834
684,2014,1,29,12,30,270,257,17,1.4662470817565918,8.400567626953148,41.20407968948739
685,2014,1,29,13,30,307,289,23,1.415565013885498,9.2806335449219,41.77857278694592
686,2014,1,29,14,30,232,223,12,1.4039978981018066,9.5455261230469,47.14596312336204
687,2014,1,29,15,30,180,177,5,1.4947588443756104,9.13860473632815,55.94017199038293
688,2014,1,29,16,30,135,135,0,1.8585126399993896,8.135766601562523,66.81624336111365
689,2014,1,29,17,30,168,40,664,2.332505702972412,6.697351074218773,78.91054742237397
690,2014,1,29,18,30,0,0,0,2.51247787475586,5.525140380859399,91.73441669826143
691,2014,1,29,19,30,0,0,0,2.3989717960357666,4.761010742187524,105.0072121983612
692,2014,1,29,20,30,0,0,0,2.204470157623291,4.078393554687524,118.56189945178814
693,2014,1,29,21,30,0,0,0,2.089852333068848,3.475762939453148,132.2857701551006
694,2014,1,29,22,30,0,0,0,2.0998926162719727,3.104058837890648,146.0810094882628
695,2014,1,29,23,30,0,0,0,2.1084034442901607,2.9332519531250227,159.78395729420606
696,2014,1,30,0,30,0,0,0,2.0802164077758794,2.874200439453148,172.36162004918774
697,2014,1,30,1,30,0,0,0,2.1742997169494633,2.8647705078125227,169.87074817463645
698,2014,1,30,2,30,0,0,0,2.4157874584198,2.6914001464843977,156.73697270844548
699,2014,1,30,3,30,0,0,0,2.6980738639831543,2.4928222656250227,142.9828468702825
700,2014,1,30,4,30,0,0,0,2.954434871673584,2.6957946777343977,129.18721419874169
701,2014,1,30,5,30,0,0,0,3.1521265506744385,3.215997314453148,115.48312427887709
702,2014,1,30,6,30,0,0,0,3.292426109313965,4.229089355468774,101.96708252429278
703,2014,1,30,7,30,10,8,80,3.1293325424194336,6.754235839843773,88.75623699835491
704,2014,1,30,8,30,218,58,665,2.5090012550354004,10.5483337402344,76.04453401213986
705,2014,1,30,9,30,452,76,860,2.100772857666016,14.77337036132815,64.1368218862185
706,2014,1,30,10,30,649,87,946,2.0210950374603267,18.373712158203148,53.59082938611079
707,2014,1,30,11,30,788,93,988,1.8975307941436768,20.617608642578148,45.37866065102514
708,2014,1,30,12,30,855,96,1004,1.7543691396713257,21.970941162109398,40.938338854320605
709,2014,1,30,13,30,846,95,1001,1.5136018991470337,22.591668701171894,41.502624013017076
710,2014,1,30,14,30,761,91,979,1.2048258781433103,22.57869873046877,46.89100046234104
711,2014,1,30,15,30,609,83,933,0.8122988939285278,21.866479492187523,55.71791424758502
712,2014,1,30,16,30,404,69,844,0.9268438816070556,20.132318115234398,66.62503581480544
713,2014,1,30,17,30,175,41,684,1.561168193817139,17.232446289062526,78.7450555317738
714,2014,1,30,18,30,0,0,0,1.889546632766724,14.698632812500026,91.58937484198526
715,2014,1,30,19,30,0,0,0,1.8644349575042725,13.10271606445315,104.87815421161643
716,2014,1,30,20,30,0,0,0,1.7730634212493896,11.63189086914065,118.44479498969716
717,2014,1,30,21,30,0,0,0,1.7865688800811768,10.465417480468775,132.1761917286189
718,2014,1,30,22,30,0,0,0,1.937375545501709,9.841699218750025,145.97206887715882
719,2014,1,30,23,30,0,0,0,2.1752524375915527,9.80608520507815,159.6583598470634
720,2014,1,31,0,30,0,0,0,2.4339618682861333,10.052697753906275,172.13698680831638
721,2014,1,31,1,30,0,0,0,2.699049711227417,10.140954589843775,169.74594999576132
722,2014,1,31,2,30,0,0,0,2.9617183208465576,9.88018188476565,156.6877526110855
723,2014,1,31,3,30,0,0,0,3.1896414756774902,9.376000976562525,142.94531299360872
724,2014,1,31,4,30,0,0,0,3.374368906021118,8.8032165527344,129.14682958107204
725,2014,1,31,5,30,0,0,0,3.529574155807495,8.288598632812523,115.43331723744369
726,2014,1,31,6,30,0,0,0,3.6397919654846187,8.343103027343773,101.90304919597332
727,2014,1,31,7,30,11,9,89,3.5181865692138667,10.276208496093775,88.67315184456056
728,2014,1,31,8,30,222,59,671,3.0080935955047607,13.875085449218775,75.93630883329853
729,2014,1,31,9,30,457,77,865,2.3869378566741943,18.106164550781273,63.99584059434584
730,2014,1,31,10,30,655,88,950,2.1838841438293457,21.990380859375023,53.40800344959886
731,2014,1,31,11,30,793,94,991,2.194373607635498,24.08822021484377,45.14755247936287
732,2014,1,31,12,30,860,97,1006,2.1393909454345703,24.74495849609377,40.667141225642645
733,2014,1,31,13,30,851,96,1002,2.180455684661865,24.80843505859377,41.22233039314301
734,2014,1,31,14,30,765,92,980,2.205967903137207,24.412103271484398,46.63342263014528
735,2014,1,31,15,30,612,84,932,2.1575460433959956,23.458612060546894,55.49452135282882
736,2014,1,31,16,30,407,70,841,2.307826519012451,21.383325195312523,66.4336760652942
737,2014,1,31,17,30,176,42,677,2.5971498489379883,18.335626220703148,78.58000472304072
738,2014,1,31,18,30,0,0,0,2.6359882354736333,15.85747680664065,91.44510201954714
739,2014,1,31,19,30,0,0,0,2.444669485092163,14.263879394531275,104.7499962374137
740,2014,1,31,20,30,0,0,0,2.2613983154296875,12.907495117187526,118.32854116690521
741,2014,1,31,21,30,0,0,0,2.1592473983764653,11.917810058593775,132.06718931486364
742,2014,1,31,22,30,0,0,0,2.1070644855499268,11.38042602539065,145.86303523831438
743,2014,1,31,23,30,0,0,0,2.1256852149963383,11.216088867187525,159.53103463407984
744,2014,2,1,0,30,0,0,0,2.254402637481689,11.18877563476565,171.9072941965307
745,2014,2,1,1,30,0,0,0,2.5058083534240723,11.081018066406275,169.6096520708615
746,2014,2,1,2,30,0,0,0,2.756218433380127,10.8622985839844,156.6308692694706
747,2014,2,1,3,30,0,0,0,2.89677357673645,10.702722167968775,142.90160009430295
748,2014,2,1,4,30,0,0,0,2.9336333274841313,10.76421508789065,129.10092749949422
749,2014,2,1,5,30,0,0,0,2.947434425354004,10.97124633789065,115.37832965951564
750,2014,2,1,6,30,0,0,0,3.0174331665039062,11.412622070312526,101.83400668785632
751,2014,2,1,7,30,7,7,27,3.0555815696716313,12.77971801757815,88.58512465749224
752,2014,2,1,8,30,86,84,9,2.9097235202789307,14.990136718750026,75.82311972136041
753,2014,2,1,9,30,209,186,51,2.7586538791656494,17.835229492187523,63.84978706996361
754,2014,2,1,10,30,530,224,510,2.925337076187134,21.056726074218773,53.21990215242376
755,2014,2,1,11,30,578,346,326,3.241091251373291,23.515130615234398,44.91093998831553
756,2014,2,1,12,30,750,293,600,3.3448314666748047,24.88338623046877,40.39058456003611
757,2014,2,1,13,30,712,308,535,3.219576358795166,25.394708251953148,40.93780926549316
758,2014,2,1,14,30,608,283,470,2.9360456466674805,25.226281738281273,46.37336495908053
759,2014,2,1,15,30,468,240,401,2.439659833908081,24.425256347656273,55.270122416342
760,2014,2,1,16,30,355,109,609,2.009148120880127,22.72908935546877,66.24227201929898
761,2014,2,1,17,30,139,63,380,1.9493807554244995,20.154870605468773,78.41547780328644
762,2014,2,1,18,30,0,0,0,2.064087390899658,18.116845703125023,91.30165607949768
763,2014,2,1,19,30,0,0,0,2.2463181018829346,16.992883300781273,104.62277168272564
764,2014,2,1,20,30,0,0,0,2.6170454025268555,15.92290649414065,118.2131462331743
765,2014,2,1,21,30,0,0,0,3.147304058074951,14.847375488281275,131.95874284132606
766,2014,2,1,22,30,0,0,0,3.6592304706573486,13.724145507812526,145.75385263412653
767,2014,2,1,23,30,0,0,0,4.024372100830078,12.575097656250026,159.40188004324875
768,2014,2,2,0,30,0,0,0,4.259640693664552,11.478295898437526,171.67257289521245
769,2014,2,2,1,30,0,0,0,4.43253231048584,10.492028808593775,169.46197791691625
770,2014,2,2,2,30,0,0,0,4.565827369689941,9.659204101562525,156.56623887393278
771,2014,2,2,3,30,0,0,0,4.683338165283203,9.057153320312525,142.85165343920426
772,2014,2,2,4,30,0,0,0,4.789298057556152,8.683160400390648,129.04948153133563
773,2014,2,2,5,30,0,0,0,4.866507530212402,8.450982666015648,115.31815865938879
774,2014,2,2,6,30,0,0,0,4.890992164611816,8.573754882812523,101.75997302119256
775,2014,2,2,7,30,12,9,99,4.74340295791626,10.2862487792969,88.49219285476876
776,2014,2,2,8,30,219,59,650,4.4508323669433585,13.951257324218775,75.70502359298307
777,2014,2,2,9,30,450,77,841,4.256940841674806,18.181237792968773,63.698736364260064
778,2014,2,2,10,30,646,88,926,4.11337947845459,21.617425537109398,53.02661503218865
779,2014,2,2,11,30,784,95,968,3.741989374160767,23.972802734375023,44.66891912310436
780,2014,2,2,12,30,851,98,985,3.0941872596740723,25.48494873046877,40.10876810087621
781,2014,2,2,13,30,843,97,982,2.311514616012573,26.170617675781273,40.64917936373017
782,2014,2,2,14,30,759,93,960,1.8250924348831177,25.957055664062523,46.11096368619351
783,2014,2,2,15,30,607,85,911,2.2967934608459477,24.626397705078148,55.04484615198765
784,2014,2,2,16,30,404,71,820,3.3943796157836914,21.880822753906273,66.0509300284665
785,2014,2,2,17,30,176,44,651,4.119715213775635,18.164727783203148,78.25155530122294
786,2014,2,2,18,30,0,0,0,4.132835865020752,14.846948242187526,91.15909221334827
787,2014,2,2,19,30,0,0,0,3.6166074275970463,12.4454284667969,104.49651115215326
788,2014,2,2,20,30,0,0,0,2.8573637008666988,10.788171386718775,118.09861566941944
789,2014,2,2,21,30,0,0,0,2.038402795791626,9.779992675781275,131.85082970647727
790,2014,2,2,22,30,0,0,0,1.2753312587738037,9.13433227539065,145.64446330471375
791,2014,2,2,23,30,0,0,0,0.6470848321914673,8.480126953125023,159.2707955427165
792,2014,2,3,0,30,0,0,0,0.2899515032768249,7.940118408203148,171.43286011767756
793,2014,2,3,1,30,0,0,0,0.3469153642654419,7.629174804687523,169.30308609671042
794,2014,2,3,2,30,0,0,0,0.624822735786438,7.391717529296898,156.49379055635515
795,2014,2,3,3,30,0,0,0,0.9400686621665956,7.256311035156273,142.7954257060303
796,2014,2,3,4,30,0,0,0,1.2581923007965088,7.164208984375023,128.9924709143711
797,2014,2,3,5,30,0,0,0,1.5080060958862305,7.063317871093773,115.25280616806307
798,2014,2,3,6,30,0,0,0,1.6793760061264038,7.632348632812523,101.68097050121544
799,2014,2,3,7,30,7,7,10,1.6942799091339111,10.33489379882815,88.39439774334555
800,2014,2,3,8,30,124,101,91,1.721426486968994,13.955285644531275,75.58208089620986
801,2014,2,3,9,30,254,204,111,2.0808744430541988,16.560418701171898,63.54276672609143
802,2014,2,3,10,30,363,294,115,2.4886000156402592,18.350976562500023,52.82823443365177
803,2014,2,3,11,30,441,358,116,2.6617398262023926,19.518823242187523,44.42158800988433
804,2014,2,3,12,30,479,389,116,2.728723526000977,20.181817626953148,39.821792518310296
805,2014,2,3,13,30,834,97,966,2.7534520626068115,20.350946044921894,40.35656076671884
806,2014,2,3,14,30,752,93,945,2.7358241081237797,19.984216308593773,45.846355878478775
807,2014,2,3,15,30,604,85,899,2.70135498046875,19.012689208984398,54.818820772814476
808,2014,2,3,16,30,403,72,810,2.698770046234131,17.278894042968773,65.85975479436318
809,2014,2,3,17,30,177,45,641,2.764035701751709,14.99138793945315,78.08831540338903
810,2014,2,3,18,30,0,0,0,2.8064684867858887,13.21550903320315,91.01746292883391
811,2014,2,3,19,30,0,0,0,2.7151308059692383,12.1542907714844,104.37124245831623
812,2014,2,3,20,30,0,0,0,2.5247488021850586,11.27324829101565,117.98495223618991
813,2014,2,3,21,30,0,0,0,2.376734972000122,10.89385375976565,131.74342487306168
814,2014,2,3,22,30,0,0,0,2.3405098915100098,10.991540527343775,145.53480782998696
815,2014,2,3,23,30,0,0,0,2.369141101837158,11.103112792968775,159.1376819859189
816,2014,2,4,0,30,0,0,0,2.4373979568481445,11.2136169433594,171.18819914150882
817,2014,2,4,1,30,0,0,0,2.585442543029785,11.4012390136719,169.1331666759949
818,2014,2,4,2,30,0,0,0,2.8175811767578125,11.50921020507815,156.41346664994518
819,2014,2,4,3,30,0,0,0,3.082348346710205,11.251428222656275,142.73287712223294
820,2014,2,4,4,30,0,0,0,3.353262662887573,10.8190856933594,128.9298806020943
821,2014,2,4,5,30,0,0,0,3.5293581485748287,10.6453796386719,115.18227894098708
822,2014,2,4,6,30,0,0,0,3.6061525344848633,11.0259948730469,101.59702569468145
823,2014,2,4,7,30,14,10,114,3.4986119270324707,12.83770141601565,88.2917844804521
824,2014,2,4,8,30,224,60,654,3.2587056159973145,16.010614013671898,75.45435555612939
825,2014,2,4,9,30,457,79,845,3.316023349761963,19.488275146484398,63.38195954398653
826,2014,2,4,10,30,655,90,930,3.5665411949157715,22.355981445312523,52.624855455490476
827,2014,2,4,11,30,793,96,971,3.536799192428589,24.200097656250023,44.16904690540945
828,2014,2,4,12,30,859,99,984,3.139934539794922,25.323205566406273,39.52975984955438
829,2014,2,4,13,30,848,99,979,2.443110704421997,25.895989990234398,40.06007484908977
830,2014,2,4,14,30,763,94,955,1.4567424058914185,25.956597900390648,45.57967935752968
831,2014,2,4,15,30,612,86,907,1.1179234981536863,25.169091796875023,54.59217388637613
832,2014,2,4,16,30,409,72,817,2.2855095863342285,22.950708007812523,65.66884927529561
833,2014,2,4,17,30,181,46,645,3.673964262008667,19.730798339843773,77.92583389374127
834,2014,2,4,18,30,0,0,0,4.135313034057616,16.930139160156273,90.87329884358002
835,2014,2,4,19,30,0,0,0,3.9393329620361333,14.9556823730469,104.24699063575945
836,2014,2,4,20,30,0,0,0,3.5317363739013667,13.8935485839844,117.87215602537556
837,2014,2,4,21,30,0,0,0,3.0758166313171387,13.672570800781275,131.63650096395992
838,2014,2,4,22,30,0,0,0,2.427942276000977,13.444909667968775,145.42482529339262
839,2014,2,4,23,30,0,0,0,1.7449476718902588,13.120751953125026,159.00244191093392
840,2014,2,5,0,30,0,0,0,1.2499732971191406,12.917260742187526,170.9386388654733
841,2014,2,5,1,30,0,0,0,0.9381923675537108,12.73247680664065,168.95243751810855
842,2014,2,5,2,30,0,0,0,0.7762461304664612,12.54131469726565,156.3252228764431
843,2014,2,5,3,30,0,0,0,0.7812713384628296,12.370629882812526,142.6639755805525
844,2014,2,5,4,30,0,0,0,0.9628919363021852,12.2010437011719,128.86170130642682
845,2014,2,5,5,30,0,0,0,1.1939830780029297,12.06084594726565,115.10658855748484
846,2014,2,5,6,30,0,0,0,1.3620939254760742,12.02153930664065,101.50816940150972
847,2014,2,5,7,30,7,7,3,1.5034310817718506,12.457604980468775,88.18440202999409
848,2014,2,5,8,30,115,100,59,1.7641196250915527,13.592797851562526,75.32191491762288
849,2014,2,5,9,30,235,200,77,2.040597438812256,14.82122192382815,63.216399286490365
850,2014,2,5,10,30,337,287,82,2.206629753112793,15.76043090820315,52.41657589657303
851,2014,2,5,11,30,409,349,84,2.3889193534851074,16.575189208984398,43.911398147208644
852,2014,2,5,12,30,445,379,85,2.664511680603028,17.108361816406273,39.232773439604685
853,2014,2,5,13,30,835,99,958,2.9910898208618164,17.098046875000026,39.75984423270901
854,2014,2,5,14,30,755,95,938,3.2983803749084477,16.535913085937526,45.31107262341691
855,2014,2,5,15,30,608,87,893,3.5355703830718994,15.516625976562526,54.36503238964985
856,2014,2,5,16,30,408,73,805,3.634857654571533,14.01677856445315,65.47831459468411
857,2014,2,5,17,30,182,47,637,3.487452507019043,12.297875976562526,77.7641840962127
858,2014,2,5,18,30,0,0,0,3.2142481803894043,11.03948364257815,90.73301883196974
859,2014,2,5,19,30,0,0,0,2.899359226226806,10.30974731445315,104.12377795858492
860,2014,2,5,20,30,0,0,0,2.579848051071167,9.788598632812525,117.76022451515976
861,2014,2,5,21,30,0,0,0,2.2871060371398926,9.490808105468775,131.53002836067162
862,2014,2,5,22,30,0,0,0,1.9744462966918943,9.331140136718775,145.3144534473543
863,2014,2,5,23,30,0,0,0,1.713253617286682,9.110620117187525,158.8649798332386
864,2014,2,6,0,30,0,0,0,1.5261023044586182,8.789880371093773,170.68423339180995
865,2014,2,6,1,30,0,0,0,1.476318120956421,8.560571289062523,168.76114052578515
866,2014,2,6,2,30,0,0,0,1.518943428993225,8.546502685546898,156.22902845972143
867,2014,2,6,3,30,0,0,0,1.4996912479400637,8.532403564453148,142.58869673054176
868,2014,2,6,4,30,0,0,0,1.3379528522491455,8.516809082031273,128.78792952747608
869,2014,2,6,5,30,0,0,0,1.0427722930908203,8.612756347656273,115.0257514116827
870,2014,2,6,6,30,0,0,0,0.7875193953514099,8.793847656250023,101.41443662051577
871,2014,2,6,7,30,4,4,0,0.7890793681144714,9.35430297851565,88.07230311436064
872,2014,2,6,8,30,67,67,0,1.0384749174118042,10.566491699218775,75.18482968517013
873,2014,2,6,9,30,137,136,2,1.4200760126113892,12.01653442382815,63.046173440676775
874,2014,2,6,10,30,280,257,37,1.8255248069763184,13.4487243652344,52.20349620160603
875,2014,2,6,11,30,249,237,16,2.1769394874572754,14.69902954101565,43.648746104252254
876,2014,2,6,12,30,271,257,18,2.516972541809082,15.44402465820315,38.930937882403285
877,2014,2,6,13,30,269,255,17,2.88789176940918,15.645288085937526,39.45599273908536
878,2014,2,6,14,30,243,233,14,3.177231788635254,15.351098632812526,45.04067477780257
879,2014,2,6,15,30,616,88,901,3.2780873775482178,14.551599121093775,54.13752236375653
880,2014,2,6,16,30,414,74,814,3.212111473083496,13.162255859375026,65.28824995152864
881,2014,2,6,17,30,186,48,645,2.981045961380005,11.4538513183594,77.60343682070804
882,2014,2,6,18,30,0,0,0,2.72811222076416,10.100183105468775,90.59351245415172
883,2014,2,6,19,30,0,0,0,2.51914119720459,9.25237426757815,104.00162396150841
884,2014,2,6,20,30,0,0,0,2.3097081184387207,8.632867431640648,117.64915262793276
885,2014,2,6,21,30,0,0,0,2.174105167388916,8.277307128906273,131.42397530415738
886,2014,2,6,22,30,0,0,0,2.0868782997131348,8.049157714843773,145.20362888021418
887,2014,2,6,23,30,0,0,0,2.013359546661377,7.794519042968773,158.7252025308524
888,2014,2,7,0,30,0,0,0,1.945088028907776,7.622644042968773,170.42504163404612
889,2014,2,7,1,30,0,0,0,1.859069347381592,7.594323730468773,168.5595379275876
890,2014,2,7,2,30,0,0,0,1.6761170625686646,7.642510986328148,156.12486616575427
891,2014,2,7,3,30,0,0,0,1.3997222185134888,7.730767822265648,142.50702404586409
892,2014,2,7,4,30,0,0,0,1.2145662307739258,7.868035888671898,128.70856757046678
893,2014,2,7,5,30,0,0,0,1.1624424457550049,7.971826171875023,114.93978869527052
894,2014,2,7,6,30,0,0,0,1.1647305488586426,8.266625976562523,101.3158665094057
895,2014,2,7,7,30,5,5,0,1.180058836936951,9.62066040039065,87.95554416174579
896,2014,2,7,8,30,68,68,0,1.1889519691467283,12.36370239257815,75.04317386001605
897,2014,2,7,9,30,458,80,828,1.2430216073989868,15.57805786132815,62.87137244914192
898,2014,2,7,10,30,654,91,914,1.408224105834961,18.639978027343773,51.98571940646338
899,2014,2,7,11,30,794,98,957,1.5451099872589111,21.361474609375023,43.38119712828914
900,2014,2,7,12,30,863,101,974,1.5399250984191897,23.38607177734377,38.62435896255197
901,2014,2,7,13,30,855,101,971,1.3831849098205566,24.515527343750023,39.14864534275939
902,2014,2,7,14,30,771,97,950,0.9897679090499878,24.572717285156273,44.76862544615722
903,2014,2,7,15,30,621,89,903,1.2612749338150024,23.511956787109398,53.90976896841753
904,2014,2,7,16,30,418,75,815,2.3849194049835205,20.901391601562523,65.09875253270775
905,2014,2,7,17,30,189,48,647,3.0696945190429688,17.010369873046898,77.44366031230922
906,2014,2,7,18,30,0,0,0,2.9600796699523926,13.430078125000026,90.45606834629879
907,2014,2,7,19,30,0,0,0,2.575342893600464,11.036950683593775,103.88054546447277
908,2014,2,7,20,30,0,0,0,2.193427562713623,9.993554687500025,117.53893279125415
909,2014,2,7,21,30,0,0,0,1.9099717140197756,9.8604675292969,131.31830799806391
910,2014,2,7,22,30,0,0,0,1.8776328563690183,9.78508911132815,145.0922871842322
911,2014,2,7,23,30,0,0,0,1.9856221675872805,9.724694824218775,158.58301932078092
912,2014,2,8,0,30,0,0,0,2.034067392349243,9.85027465820315,170.16112695021866
913,2014,2,8,1,30,0,0,0,1.902621388435364,9.970727539062525,168.34790869110032
914,2014,2,8,2,30,0,0,0,1.6439945697784424,9.922509765625025,156.01273226975562
915,2014,2,8,3,30,0,0,0,1.3948831558227541,9.804772949218775,142.41894886717282
916,2014,2,8,4,30,0,0,0,1.1761044263839722,9.695092773437525,128.62362354995156
917,2014,2,8,5,30,0,0,0,1.0120835304260254,9.615808105468775,114.84872637207985
918,2014,2,8,6,30,0,0,0,0.947567582130432,9.85344848632815,101.21250233923409
919,2014,2,8,7,30,15,12,83,0.8475902080535889,11.093591308593775,87.83418524912477
920,2014,2,8,8,30,188,94,361,0.7092194557189941,14.011010742187526,74.89702467469614
921,2014,2,8,9,30,457,80,822,0.8894892930984497,17.007745361328148,62.69208964545603
922,2014,2,8,10,30,652,92,905,1.4021203517913818,18.934350585937523,51.76335108313955
923,2014,2,8,11,30,791,99,948,1.8273755311965945,20.501977539062523,43.10885950593937
924,2014,2,8,12,30,860,102,966,1.982738971710205,21.590112304687523,38.31314359761432
925,2014,2,8,13,30,853,101,964,1.9608359336853027,21.929559326171894,38.83792812564725
926,2014,2,8,14,30,771,97,944,1.9100663661956787,21.461236572265648,44.49506469904928
927,2014,2,8,15,30,621,89,898,2.018837213516236,20.304315185546894,53.68189633626167
928,2014,2,8,16,30,419,75,810,2.388633251190185,18.543572998046894,64.90991742738753
929,2014,2,8,17,30,191,49,642,2.794151782989502,16.208795166015648,77.28492020393594
930,2014,2,8,18,30,0,0,0,2.9566545486450195,14.15642700195315,90.32001821368708
931,2014,2,8,19,30,0,0,0,2.8636400699615483,12.775415039062526,103.760556600682
932,2014,2,8,20,30,0,0,0,2.639625072479248,11.97576293945315,117.42955500169764
933,2014,2,8,21,30,0,0,0,2.348050117492676,11.926599121093775,131.21299071414447
934,2014,2,8,22,30,0,0,0,2.0571122169494633,12.109948730468775,144.9803631247051
935,2014,2,8,23,30,0,0,0,1.8344522714614868,12.170678710937526,158.438342326102
936,2014,2,9,0,30,0,0,0,1.7265081405639648,12.1436706542969,169.89255680092253
937,2014,2,9,1,30,0,0,0,1.7590341567993164,12.04937133789065,168.12654512859666
938,2014,2,9,2,30,0,0,0,1.8860886096954343,11.898339843750026,155.89263645231713
939,2014,2,9,3,30,0,0,0,2.0696344375610347,11.750207519531275,142.32447042051857
940,2014,2,9,4,30,0,0,0,2.26494574546814,11.654138183593775,128.53311138125486
941,2014,2,9,5,30,0,0,0,2.3941221237182617,11.361779785156275,114.75259514469751
942,2014,2,9,6,30,0,0,0,2.4899544715881348,11.133569335937525,101.10439144347194
943,2014,2,9,7,30,20,14,155,2.467367172241211,12.45684204101565,87.70829004093399
944,2014,2,9,8,30,234,62,655,2.186925411224365,15.24736938476565,74.74646252509912
945,2014,2,9,9,30,468,81,838,1.6728787422180176,18.254602050781273,62.50842118820754
946,2014,2,9,10,30,666,93,921,0.9127572774887084,21.446832275390648,51.53649928445326
947,2014,2,9,11,30,806,100,962,0.3872852325439453,24.162500000000023,42.831843411625755
948,2014,2,9,12,30,874,103,978,0.52863609790802,25.420465087890648,37.997399781075345
949,2014,2,9,13,30,866,102,976,0.9831700325012208,25.524041748046894,38.523968232445576
950,2014,2,9,14,30,783,98,955,1.4554557800292969,24.946343994140648,44.220132972355884
951,2014,2,9,15,30,631,90,908,1.9892709255218504,23.719018554687523,53.454027466963225
952,2014,2,9,16,30,426,76,819,2.586371421813965,21.587609863281273,64.7218375436749
953,2014,2,9,17,30,195,50,651,3.0623574256896973,18.602288818359398,77.12727947244449
954,2014,2,9,18,30,0,0,0,3.19266939163208,16.043817138671898,90.18514738658772
955,2014,2,9,19,30,0,0,0,2.9754772186279297,14.38567504882815,103.64166884807716
956,2014,2,9,20,30,0,0,0,2.5747389793396,13.426416015625026,117.3210068915658
957,2014,2,9,21,30,0,0,0,2.1472415924072266,13.351525878906275,131.10798589982429
958,2014,2,9,22,30,0,0,0,1.8385436534881592,13.63347778320315,144.8677908098394
959,2014,2,9,23,30,0,0,0,1.7199877500534058,13.764367675781275,158.29108673255718
960,2014,2,10,0,30,0,0,0,1.7346944808959959,13.649255371093775,169.6194024315255
961,2014,2,10,1,30,0,0,0,1.8641223907470703,13.46978149414065,167.89574974418116
962,2014,2,10,2,30,0,0,0,2.0504820346832275,13.320825195312526,155.76460162706758
963,2014,2,10,3,30,0,0,0,2.1865401268005367,13.1679626464844,142.22359581152898
964,2014,2,10,4,30,0,0,0,2.2445671558380127,12.978601074218775,128.4370507594132
965,2014,2,10,5,30,0,0,0,2.26668643951416,12.65007934570315,114.65143041329829
966,2014,2,10,6,30,0,0,0,2.297207355499268,12.355126953125026,100.99158516171684
967,2014,2,10,7,30,22,14,173,2.257561683654785,13.04815063476565,87.57792572350212
968,2014,2,10,8,30,240,61,673,2.0708699226379395,15.7441345214844,74.591570900131
969,2014,2,10,9,30,476,79,854,1.7210866212844849,19.526086425781273,62.32046599367953
970,2014,2,10,10,30,676,91,936,1.359626293182373,23.058709716796894,51.30527448852743
971,2014,2,10,11,30,816,97,976,0.9836906194686891,25.653314208984398,42.55026086143045
972,2014,2,10,12,30,885,100,991,0.6003031134605408,26.92586669921877,37.677236526007455
973,2014,2,10,13,30,876,99,988,0.6211427450180054,27.141015625000023,38.20689382706801
974,2014,2,10,14,30,792,95,967,1.1392741203308103,26.58699951171877,43.943970986409845
975,2014,2,10,15,30,639,87,921,1.95873498916626,25.349359130859398,53.226284121436144
976,2014,2,10,16,30,432,74,834,2.772676706314087,23.082940673828148,64.5346035275593
977,2014,2,10,17,30,199,48,670,3.299129009246826,19.960473632812523,76.970798398216
978,2014,2,10,18,30,0,0,0,3.42283296585083,17.301354980468773,90.05148990359982
979,2014,2,10,19,30,0,0,0,3.179418563842773,15.5443054199219,103.52389106405987
980,2014,2,10,20,30,0,0,0,2.7314224243164062,14.1577087402344,117.21327379824557
981,2014,2,10,21,30,0,0,0,2.2861707210540767,13.796533203125026,131.00325428769486
982,2014,2,10,22,30,0,0,0,2.0434117317199707,14.26299438476565,144.75450386104026
983,2014,2,10,23,30,0,0,0,1.9089741706848145,14.22698364257815,158.14117103374434
984,2014,2,11,0,30,0,0,0,1.7512609958648682,13.81939086914065,169.34173857750392
985,2014,2,11,1,30,0,0,0,1.66185200214386,13.714624023437526,167.65583235594636
986,2014,2,11,2,30,0,0,0,1.6324560642242432,13.726220703125026,155.62866370342016
987,2014,2,11,3,30,0,0,0,1.50018048286438,13.444848632812526,142.11633999572894
988,2014,2,11,4,30,0,0,0,1.3913567066192627,13.16472778320315,128.33546712584481
989,2014,2,11,5,30,0,0,0,1.4686126708984375,13.093103027343775,114.5452722268688
990,2014,2,11,6,30,0,0,0,1.6183793544769287,13.167993164062526,100.87413877856224
991,2014,2,11,7,30,23,15,177,1.7500665187835691,13.8321472167969,87.44316293559694
992,2014,2,11,8,30,238,61,661,1.8740463256835935,15.0164733886719,74.43243630923114
993,2014,2,11,9,30,471,79,837,1.9890794754028318,16.607598876953148,62.128325667328824
994,2014,2,11,10,30,666,90,916,2.1155028343200684,18.339624023437523,51.069789543191575
995,2014,2,11,11,30,804,97,956,2.2436652183532715,20.031854248046894,42.2642256680153
996,2014,2,11,12,30,873,100,972,2.352142333984375,21.193536376953148,37.35276380949807
997,2014,2,11,13,30,866,99,971,2.471740245819092,21.350518798828148,37.88683405008876
998,2014,2,11,14,30,784,95,952,2.675586938858032,20.836175537109398,43.666719663922215
999,2014,2,11,15,30,634,87,907,3.0803675651550293,19.714440917968773,52.9987867159624
1000,2014,2,11,16,30,429,74,821,3.6251192092895512,18.060418701171894,64.34830368428858
1001,2014,2,11,17,30,198,49,655,3.8537325859069824,16.019067382812526,76.81553452837998
1002,2014,2,11,18,30,0,0,0,3.868266105651856,14.656091308593775,89.91907700749681
1003,2014,2,11,19,30,0,0,0,3.881892442703247,14.22698364257815,103.40722952353674
1004,2014,2,11,20,30,0,0,0,3.564157247543335,13.792443847656275,117.10633883625813
1005,2014,2,11,21,30,0,0,0,3.010063648223877,13.267053222656275,130.89875500684278
1006,2014,2,11,22,30,0,0,0,2.526209592819214,12.950769042968775,144.64043558352424
1007,2014,2,11,23,30,0,0,0,2.1568851470947266,12.687402343750026,157.988517264311
1008,2014,2,12,0,30,0,0,0,1.8197660446166992,12.402368164062526,169.0596431918475
1009,2014,2,12,1,30,0,0,0,1.5042686462402344,12.2208190917969,167.40710751216622
1010,2014,2,12,2,30,0,0,0,1.306948184967041,12.07268676757815,155.48487128849325
1011,2014,2,12,3,30,0,0,0,1.217867136001587,11.834130859375026,142.00272572547428
1012,2014,2,12,4,30,0,0,0,1.142239689826965,11.4766784667969,128.2283916229857
1013,2014,2,12,5,30,0,0,0,1.1310877799987793,11.0209899902344,114.43416522712636
1014,2014,2,12,6,30,0,0,0,1.2014302015304563,10.704858398437525,100.75211145752762
1015,2014,2,12,7,30,25,16,189,1.2611887454986572,11.7036071777344,87.3040756949027
1016,2014,2,12,8,30,244,62,673,1.183130145072937,14.270532226562526,74.2691482077354
1017,2014,2,12,9,30,481,80,850,0.8787791728973389,17.264428710937526,61.932104434124206
1018,2014,2,12,10,30,680,91,932,0.4742124676704407,19.980035400390648,50.830159610312435
1019,2014,2,12,11,30,821,98,972,0.3516300618648529,22.100793457031273,41.97385339664526
1020,2014,2,12,12,30,890,101,988,0.6038113832473755,23.498590087890648,37.024092517879474
1021,2014,2,12,13,30,881,100,985,0.9746818542480468,24.006250000000023,37.56391897730939
1022,2014,2,12,14,30,796,96,963,1.4386100769042969,23.582513427734398,43.38852004654143
1023,2014,2,12,15,30,643,88,917,2.0872082710266118,22.297998046875023,52.77165421643211
1024,2014,2,12,16,30,437,75,832,2.7641706466674805,20.031518554687523,64.16302390230442
1025,2014,2,12,17,30,204,50,670,3.103479146957397,16.782159423828148,76.66154264360674
1026,2014,2,12,18,30,0,0,0,2.956976890563965,13.677026367187526,89.78793715120106
1027,2014,2,12,19,30,0,0,0,2.6564435958862305,11.75457153320315,103.29168796016752
1028,2014,2,12,20,30,0,0,0,2.465630292892456,10.99297485351565,117.00018297180841
1029,2014,2,12,21,30,0,0,0,2.3168578147888184,10.771936035156275,130.79444569593574
1030,2014,2,12,22,30,0,0,0,2.1005630493164062,10.540246582031275,144.52551913682225
1031,2014,2,12,23,30,0,0,0,1.807525396347046,10.3615661621094,157.8330512200639
1032,2014,2,13,0,30,0,0,0,1.53863525390625,10.240991210937525,168.77319719327272
1033,2014,2,13,1,30,0,0,0,1.3719871044158936,10.216394042968775,167.1498922086113
1034,2014,2,13,2,30,0,0,0,1.3382704257965088,10.291650390625025,155.3332853329242
1035,2014,2,13,3,30,0,0,0,1.4536011219024658,10.3277526855469,141.8827834742304
1036,2014,2,13,4,30,0,0,0,1.6705095767974854,10.23516235351565,128.11586103724656
1037,2014,2,13,5,30,0,0,0,1.864316701889038,10.089379882812525,114.31815858532083
1038,2014,2,13,6,30,0,0,0,1.9753143787384035,10.58037719726565,100.62556617034424
1039,2014,2,13,7,30,27,17,204,1.9646676778793333,11.8011413574219,87.1607413208068
1040,2014,2,13,8,30,250,62,684,1.855459690093994,13.488244628906275,74.10179892028408
1041,2014,2,13,9,30,489,81,860,1.656090259552002,16.152612304687526,61.73190906770712
1042,2014,2,13,10,30,690,92,942,1.3970096111297607,19.222406005859398,50.58650211007628
1043,2014,2,13,11,30,833,99,982,1.2444024085998535,21.851220703125023,41.679261322423365
1044,2014,2,13,12,30,902,102,998,1.2306625843048096,23.652581787109398,36.69133439280505
1045,2014,2,13,13,30,894,101,996,1.2846276760101318,24.444573974609398,37.23827957930236
1046,2014,2,13,14,30,809,97,975,1.2796971797943115,24.538842773437523,43.10951321012922
1047,2014,2,13,15,30,656,89,931,1.2325770854949951,23.92977294921877,52.54500403288827
1048,2014,2,13,16,30,448,76,848,1.6827363967895508,22.190606689453148,63.9788475799068
1049,2014,2,13,17,30,211,50,688,2.5064568519592285,19.126885986328148,76.50887472861626
1050,2014,2,13,18,30,0,0,0,2.8962526321411133,16.134271240234398,89.65809600768068
1051,2014,2,13,19,30,0,0,0,2.762511968612671,13.87066040039065,103.17726761074124
1052,2014,2,13,20,30,0,0,0,2.414581775665283,11.900903320312526,116.89478509983348
1053,2014,2,13,21,30,0,0,0,1.9912760257720947,10.9147888183594,130.69028261791857
1054,2014,2,13,22,30,0,0,0,1.4727401733398438,10.70757446289065,144.40968770497162
1055,2014,2,13,23,30,0,0,0,1.1103792190551758,10.7228942871094,157.6747026645213
1056,2014,2,14,0,30,0,0,0,1.2990884780883791,10.9193054199219,168.48248423416447
1057,2014,2,14,1,30,0,0,0,1.9799680709838867,10.808923339843775,166.8845039039879
1058,2014,2,14,2,30,0,0,0,2.76326322555542,10.679772949218775,155.17397872587838
1059,2014,2,14,3,30,0,0,0,3.3147280216217037,10.9062438964844,141.75655133896186
1060,2014,2,14,4,30,0,0,0,3.6501064300537114,10.98699340820315,127.99791773070405
1061,2014,2,14,5,30,0,0,0,3.943034410476685,10.7165466308594,114.19730593221952
1062,2014,2,14,6,30,0,0,0,4.174690246582031,10.8019958496094,100.49456962191509
1063,2014,2,14,7,30,29,17,214,4.100168228149413,12.613977050781275,87.01324035359482
1064,2014,2,14,8,30,253,63,686,3.7121901512146,16.399499511718773,73.93048356233638
1065,2014,2,14,9,30,491,81,860,3.571709156036377,20.820275878906273,61.527848818638326
1066,2014,2,14,10,30,692,92,939,3.611403465270996,24.129571533203148,50.33893666534647
1067,2014,2,14,11,30,834,99,979,3.3765156269073486,25.837182617187523,41.38056838880824
1068,2014,2,14,12,30,904,102,996,3.030201911926269,26.735375976562523,36.354601978215925
1069,2014,2,14,13,30,897,101,995,2.7609646320343018,27.047143554687523,36.91004768203256
1070,2014,2,14,14,30,814,97,976,2.4609179496765137,26.792138671875023,42.82984017840997
1071,2014,2,14,15,30,661,90,935,1.9995596408843996,26.030633544921894,52.318951914179785
1072,2014,2,14,16,30,453,76,854,1.6058175563812256,24.21102294921877,63.79585555459454
1073,2014,2,14,17,30,216,51,697,1.822304606437683,21.259667968750023,76.35757994643579
1074,2014,2,14,18,30,0,0,0,2.309213638305664,18.754693603515648,89.5295764836682
1075,2014,2,14,19,30,0,0,0,2.443366050720215,17.109918212890648,103.06396726260624
1076,2014,2,14,20,30,0,0,0,2.2997422218322754,15.512536621093775,116.79012212334914
1077,2014,2,14,21,30,0,0,0,1.930897235870361,14.0316101074219,130.58622077607518
1078,2014,2,14,22,30,0,0,0,1.3494795560836792,12.80266723632815,144.29287466616012
1079,2014,2,14,23,30,0,0,0,0.7346913814544678,11.869042968750026,157.51340552116218
1080,2014,2,15,0,30,0,0,0,0.60893714427948,11.201989746093775,168.18759048681497
1081,2014,2,15,1,30,0,0,0,0.9401652216911316,10.7250915527344,166.61125882254058
1082,2014,2,15,2,30,0,0,0,1.2370296716690063,10.392480468750025,155.0070358448225
1083,2014,2,15,3,30,0,0,0,1.4128869771957395,10.17290649414065,141.62407492166125
1084,2014,2,15,4,30,0,0,0,1.4673599004745483,9.995080566406275,127.87460956190505
1085,2014,2,15,5,30,0,0,0,1.4154310226440432,9.80169067382815,114.07166528163498
1086,2014,2,15,6,30,0,0,0,1.3130896091461182,10.581628417968775,100.35919217100836
1087,2014,2,15,7,30,31,18,225,1.1158907413482666,13.600854492187526,86.86165647009682
1088,2014,2,15,8,30,257,63,691,0.7360297441482544,17.664666748046898,73.75529995996145
1089,2014,2,15,9,30,496,82,863,0.8668217658996582,20.894250488281273,61.32003534159651
1090,2014,2,15,10,30,697,93,941,1.3759658336639404,23.002557373046894,50.087585046029645
1091,2014,2,15,11,30,838,99,980,1.5451977252960205,24.372521972656273,41.07789516749065
1092,2014,2,15,12,30,908,102,995,1.5486538410186768,25.229150390625023,36.014008568226096
1093,2014,2,15,13,30,899,102,993,1.5041484832763672,25.517633056640648,36.579355928536216
1094,2014,2,15,14,30,814,98,972,1.4978268146514893,25.173699951171894,42.549641835101774
1095,2014,2,15,15,30,660,90,928,1.6373116970062256,24.124993896484398,52.09361184321732
1096,2014,2,15,16,30,452,76,845,2.1120624542236333,22.203759765625023,63.61412603551109
1097,2014,2,15,17,30,215,51,686,2.7393393516540527,19.256951904296894,76.20770461634889
1098,2014,2,15,18,30,0,0,0,3.07278823852539,16.702996826171898,89.40239873706881
1099,2014,2,15,19,30,0,0,0,3.0425004959106445,15.210107421875026,102.95178330414595
1100,2014,2,15,20,30,0,0,0,2.7546229362487797,13.9985290527344,116.68616903501308
1101,2014,2,15,21,30,0,0,0,2.353325366973877,13.038049316406275,130.48221403148722
1102,2014,2,15,22,30,0,0,0,2.0910780429840092,12.3134704589844,144.17501376126214
1103,2014,2,15,23,30,0,0,0,2.092123031616211,11.8210388183594,157.3490980507201
1104,2014,2,16,0,30,0,0,0,2.2732648849487305,11.490319824218775,167.88860444677377
1105,2014,2,16,1,30,0,0,0,2.493843078613281,11.2408386230469,166.3304705273606
1106,2014,2,16,2,30,0,0,0,2.7247021198272705,11.02593383789065,154.832552066083
1107,2014,2,16,3,30,0,0,0,2.9257044792175293,10.81438598632815,141.4854071911059
1108,2014,2,16,4,30,0,0,0,3.0225071907043457,10.594995117187525,127.74598979638796
1109,2014,2,16,5,30,0,0,0,3.0353503227233887,10.380395507812525,113.94129894770036
1110,2014,2,16,6,30,0,0,0,2.988095998764038,10.92107543945315,100.21950774712047
1111,2014,2,16,7,30,32,19,235,2.719410896301269,13.290063476562526,86.70607639622604
1112,2014,2,16,8,30,260,64,694,2.1616125106811523,17.204492187500026,73.5763485680293
1113,2014,2,16,9,30,500,82,864,1.700693130493164,21.423730468750023,61.10858262178334
1114,2014,2,16,10,30,701,93,942,1.56176495552063,24.537896728515648,49.83257111361079
1115,2014,2,16,11,30,843,99,981,1.568659424781799,26.222467041015648,40.7713638197141
1116,2014,2,16,12,30,913,102,997,1.6253232955932615,27.059686279296894,35.66966815596445
1117,2014,2,16,13,30,905,102,995,1.7545006275177002,27.20858154296877,36.246337741558186
1118,2014,2,16,14,30,820,98,976,2.027984380722046,26.62142333984377,42.26905883434163
1119,2014,2,16,15,30,666,90,933,2.4629769325256348,25.199914550781273,51.86909593255435
1120,2014,2,16,16,30,458,77,852,2.9197297096252437,22.761163330078148,63.433734538747004
1121,2014,2,16,17,30,220,52,696,3.2283167839050293,19.301873779296894,76.05929219575209
1122,2014,2,16,18,30,0,0,0,3.2534580230712886,16.322015380859398,89.27658019816882
1123,2014,2,16,19,30,0,0,0,3.0065417289733887,14.54717407226565,102.84070977807438
1124,2014,2,16,20,30,0,0,0,2.641528844833374,13.2656188964844,116.58289900086108
1125,2014,2,16,21,30,0,0,0,2.324591636657715,12.29400024414065,130.37821522149915
1126,2014,2,16,22,30,0,0,0,2.1573958396911617,11.529199218750026,144.0560392613344
1127,2014,2,16,23,30,0,0,0,2.162300109863281,10.918664550781275,157.18172301329437
1128,2014,2,17,0,30,0,0,0,2.293414831161499,10.419091796875025,167.58561675208878
1129,2014,2,17,1,30,0,0,0,2.455491065979004,9.9877868652344,166.04244874373285
1130,2014,2,17,2,30,0,0,0,2.532333850860596,9.6097351074219,154.65063324206272
1131,2014,2,17,3,30,0,0,0,2.536860942840576,9.316613769531275,141.3406083260007
1132,2014,2,17,4,30,0,0,0,2.5687062740325928,9.12017211914065,127.61211700724071
1133,2014,2,17,5,30,0,0,0,2.628432273864746,9.003381347656275,113.80627345630744
1134,2014,2,17,6,30,0,0,0,2.6769063472747803,9.927087402343775,100.07559376355064
1135,2014,2,17,7,30,35,20,252,2.5128393173217773,13.02678833007815,86.54658981634036
1136,2014,2,17,8,30,268,64,711,2.215707302093506,17.248986816406273,73.39373238683598
1137,2014,2,17,9,30,511,83,879,1.9873604774475095,21.055841064453148,60.8936069004274
1138,2014,2,17,10,30,714,94,956,1.696103811264038,24.053918457031273,49.57402076576962
1139,2014,2,17,11,30,855,100,992,1.27234148979187,26.23372802734377,40.461098059103655
1140,2014,2,17,12,30,924,103,1005,0.8107682466506958,27.610375976562523,35.321695383413456
1141,2014,2,17,13,30,913,102,1001,0.6552119851112366,28.095330810546894,35.91112728720678
1142,2014,2,17,14,30,825,98,978,1.074005126953125,27.693750000000023,41.98823150929484
1143,2014,2,17,15,30,669,90,932,1.8993926048278809,26.495904541015648,51.645514320748816
1144,2014,2,17,16,30,458,77,848,2.784071922302246,24.18026123046877,63.25475382592775
1145,2014,2,17,17,30,220,52,688,3.4134421348571777,20.612207031250023,75.91238326575863
1146,2014,2,17,18,30,0,0,0,3.5523042678833012,17.486688232421898,89.15213559457926
1147,2014,2,17,19,30,0,0,0,3.228045463562012,15.64885864257815,102.73073843766792
1148,2014,2,17,20,30,0,0,0,2.7282049655914307,14.27568969726565,116.48028344610078
1149,2014,2,17,21,30,0,0,0,2.2978219985961914,13.0915466308594,130.27417627939315
1150,2014,2,17,22,30,0,0,0,1.9979248046875,12.0028015136719,143.93588613337022
1151,2014,2,17,23,30,0,0,0,1.761924386024475,10.998498535156275,157.01122781457303
1152,2014,2,18,0,30,0,0,0,1.4998511075973509,10.748803710937525,167.2787200172372
1153,2014,2,18,1,30,0,0,0,1.2508172988891602,11.2455993652344,165.7474984096745
1154,2014,2,18,2,30,0,0,0,1.108640193939209,11.613732910156275,154.46139515129929
1155,2014,2,18,3,30,0,0,0,1.1016969680786133,11.64458618164065,141.18974554068961
1156,2014,2,18,4,30,0,0,0,1.2437781095504759,11.375512695312526,127.47305496641907
1157,2014,2,18,5,30,0,0,0,1.4960025548934937,10.965844726562525,113.66665945098278
1158,2014,2,18,6,30,0,0,0,1.771089792251587,10.82586059570315,99.92753102693806
1159,2014,2,18,7,30,37,21,258,1.9599761962890625,11.820397949218775,86.38328927967038
1160,2014,2,18,8,30,268,64,704,1.9777708053588867,14.641503906250026,73.20755687731463
1161,2014,2,18,9,30,509,82,871,1.821073055267334,18.078424072265648,60.67522659947213
1162,2014,2,18,10,30,712,93,949,1.6430466175079346,21.102410888671894,49.312061881077874
1163,2014,2,18,11,30,855,100,987,1.558804988861084,23.651879882812523,40.14722311601937
1164,2014,2,18,12,30,924,103,1002,1.5186910629272459,25.202386474609398,34.97020549222816
1165,2014,2,18,13,30,915,102,999,1.5821391344070437,25.673394775390648,35.573859439562504
1166,2014,2,18,14,30,829,98,978,1.7666916847229004,25.323724365234398,41.707299778922746
1167,2014,2,18,15,30,673,90,934,2.040384292602539,24.252465820312523,51.422975069486675
1168,2014,2,18,16,30,463,77,853,2.4659056663513184,22.210900878906273,63.077253846146284
1169,2014,2,18,17,30,224,53,695,2.9189977645874023,19.097039794921894,75.76701552077293
1170,2014,2,18,18,30,0,0,0,3.1215829849243164,16.476190185546898,89.02907697961916
1171,2014,2,18,19,30,0,0,0,3.024455070495605,15.071008300781275,102.6218588057063
1172,2014,2,18,20,30,0,0,0,2.7977216243743896,13.9899841308594,116.37829214271856
1173,2014,2,18,21,30,0,0,0,2.5465517044067383,13.057458496093775,130.1700483547295
1174,2014,2,18,22,30,0,0,0,2.336246490478516,12.2617126464844,143.81449020429213
1175,2014,2,18,23,30,0,0,0,2.219987154006958,11.618493652343775,156.8375646361104
1176,2014,2,19,0,30,0,0,0,2.2001872062683105,11.085168457031275,166.9680086805254
1177,2014,2,19,1,30,0,0,0,2.26846694946289,10.663720703125025,165.4459189297846
1178,2014,2,19,2,30,0,0,0,2.3500208854675293,10.402124023437525,154.26496292749823
1179,2014,2,19,3,30,0,0,0,2.3780150413513184,10.571435546875025,141.03289289511466
1180,2014,2,19,4,30,0,0,0,2.318409919738769,10.999414062500025,127.3288725272851
1181,2014,2,19,5,30,0,0,0,2.159736156463623,11.0395446777344,113.5225315935945
1182,2014,2,19,6,30,0,0,0,1.994144082069397,11.072351074218775,99.77540364373553
1183,2014,2,19,7,30,38,21,260,1.7752946615219116,12.292993164062526,86.21627010417002
1184,2014,2,19,8,30,266,64,691,1.6627253293991089,16.048272705078148,73.01792987494511
1185,2014,2,19,9,30,503,82,854,1.9137789011001587,20.578210449218773,60.453562245587065
1186,2014,2,19,10,30,702,92,929,2.1642427444458012,23.680627441406273,49.04682426390415
1187,2014,2,19,11,30,841,99,966,2.1564431190490723,25.858880615234398,39.82986570357574
1188,2014,2,19,12,30,909,102,981,2.04443883895874,27.287622070312523,34.615314275604575
1189,2014,2,19,13,30,900,101,977,1.964190363883972,27.895440673828148,35.234669746189226
1190,2014,2,19,14,30,814,97,956,2.0474579334259038,27.646997070312523,41.42640305272924
1191,2014,2,19,15,30,660,89,911,2.3706417083740234,26.520654296875023,51.20158406150678
1192,2014,2,19,16,30,454,76,828,2.9070148468017583,24.313470458984398,62.901301681151935
1193,2014,2,19,17,30,219,52,670,3.4077811241149902,20.995233154296894,75.62322376193545
1194,2014,2,19,18,30,0,0,0,3.5539445877075195,17.820428466796898,88.90741376440101
1195,2014,2,19,19,30,0,0,0,3.32125186920166,15.6735778808594,102.5140582361173
1196,2014,2,19,20,30,0,0,0,2.931739091873169,14.235131835937526,116.2768932990162
1197,2014,2,19,21,30,0,0,0,2.539859771728516,13.468408203125026,130.06578193442078
1198,2014,2,19,22,30,0,0,0,2.141253709793091,13.6050964355469,143.69178832261582
1199,2014,2,19,23,30,0,0,0,1.7125074863433838,14.11406860351565,156.66069054938498
1200,2014,2,20,0,30,0,0,0,1.5422800779342651,13.82207641601565,166.6535788639715
1201,2014,2,20,1,30,0,0,0,1.8823579549789429,13.02300415039065,165.13800360836757
1202,2014,2,20,2,30,0,0,0,2.392642974853516,12.56658325195315,154.0614704731571
1203,2014,2,20,3,30,0,0,0,2.7597804069519043,12.1778503417969,140.87013109005002
1204,2014,2,20,4,30,0,0,0,3.013443946838379,11.54692993164065,127.1796434991136
1205,2014,2,20,5,30,0,0,0,3.25459098815918,10.842553710937525,113.37396846023022
1206,2014,2,20,6,30,0,0,0,3.476789712905884,10.9019714355469,99.61929892346626
1207,2014,2,20,7,30,41,22,281,3.359570026397705,13.007348632812526,86.04563027784084
1208,2014,2,20,8,30,276,65,714,3.039062976837158,17.168817138671898,72.82496150241421
1209,2014,2,20,9,30,519,83,878,3.232228279113769,22.076867675781273,60.22873639337367
1210,2014,2,20,10,30,722,93,953,3.661040782928467,25.79451904296877,48.77843958940524
1211,2014,2,20,11,30,865,100,992,3.767225742340088,27.884393310546894,39.5091539853142
1212,2014,2,20,12,30,936,103,1008,3.6913845539093018,29.024560546875023,34.25713803121139
1213,2014,2,20,13,30,928,102,1006,3.5421035289764404,29.36995849609377,34.89369439447827
1214,2014,2,20,14,30,842,98,987,3.3099966049194336,29.033624267578148,41.14568013348923
1215,2014,2,20,15,30,685,90,944,3.041736125946045,28.054193115234398,50.98144489978201
1216,2014,2,20,16,30,473,77,863,2.7526955604553223,25.972589111328148,62.72696149418659
1217,2014,2,20,17,30,231,53,708,2.901580333709717,22.567346191406273,75.48103989438479
1218,2014,2,20,18,30,0,0,0,3.5394091606140137,19.820550537109398,88.78715275326219
1219,2014,2,20,19,30,0,0,0,3.9696044921875,18.346643066406273,102.40732197803099
1220,2014,2,20,20,30,0,0,0,3.958594799041748,17.013970947265648,116.17605365071172
1221,2014,2,20,21,30,0,0,0,3.6573700904846187,15.7676940917969,129.96132696437914
1222,2014,2,20,22,30,0,0,0,3.3029093742370605,14.724206542968775,143.56771851761684
1223,2014,2,20,23,30,0,0,0,2.999675273895264,13.9141784667969,156.4805676134003
1224,2014,2,21,0,30,0,0,0,2.7704291343688965,13.282800292968775,166.33552824455558
1225,2014,2,21,1,30,0,0,0,2.6274526119232178,12.666772460937526,164.8240392386379
1226,2014,2,21,2,30,0,0,0,2.5854146480560303,12.04998168945315,153.8510598636955
1227,2014,2,21,3,30,0,0,0,2.6193861961364746,11.513940429687526,140.70154724940522
1228,2014,2,21,4,30,0,0,0,2.6645493507385254,11.0457702636719,127.02544651400135
1229,2014,2,21,5,30,0,0,0,2.6790785789489746,10.6610046386719,113.22105243266205
1230,2014,2,21,6,30,0,0,0,2.634629011154175,11.287866210937526,99.45930727943994
1231,2014,2,21,7,30,42,22,274,2.5571868419647217,13.712976074218775,85.87147035779547
1232,2014,2,21,8,30,269,64,686,2.485766649246216,16.902398681640648,72.62876408123874
1233,2014,2,21,9,30,504,81,845,2.396392822265625,19.827630615234398,60.00087354793943
1234,2014,2,21,10,30,702,92,920,2.3399901390075684,22.093804931640648,48.50704134861903
1235,2014,2,21,11,30,841,99,957,2.363238573074341,23.430291748046894,39.18521754462533
1236,2014,2,21,12,30,909,101,973,2.4155898094177246,23.621942138671894,33.89579351516336
1237,2014,2,21,13,30,900,101,970,2.4400525093078613,23.051049804687523,34.5510701788699
1238,2014,2,21,14,30,816,97,950,2.4286108016967773,22.221246337890648,40.86526911773008
1239,2014,2,21,15,30,663,89,906,2.401737689971924,21.019494628906273,50.76265880775982
1240,2014,2,21,16,30,457,76,825,2.428536891937256,19.462060546875023,62.55429448246119
1241,2014,2,21,17,30,222,53,668,2.549511432647705,17.511468505859398,75.34049292857092
1242,2014,2,21,18,30,0,0,0,2.662281990051269,15.586694335937526,88.668298182689
1243,2014,2,21,19,30,0,0,0,2.6651031970977783,14.09111938476565,102.30163324263727
1244,2014,2,21,20,30,0,0,0,2.5602357387542725,12.96880493164065,116.0757385537118
1245,2014,2,21,21,30,0,0,0,2.3678011894226074,12.17290649414065,129.85663297141707
1246,2014,2,21,22,30,0,0,0,2.0992155075073238,11.6182800292969,143.44222015566748
1247,2014,2,21,23,30,0,0,0,1.8438796997070312,11.28923950195315,156.29716295617456
1248,2014,2,22,0,30,0,0,0,1.6995477676391602,11.1107116699219,166.01395593591283
1249,2014,2,22,1,30,0,0,0,1.6721594333648682,11.2679382324219,164.50430582595104
1250,2014,2,22,2,30,0,0,0,1.723227858543396,11.7426696777344,153.63388074712518
1251,2014,2,22,3,30,0,0,0,1.8036680221557615,12.05755004882815,140.52723469085214
1252,2014,2,22,4,30,0,0,0,1.9096717834472656,12.146264648437526,126.86636488692785
1253,2014,2,22,5,30,0,0,0,2.042579174041748,12.16802368164065,113.06386958555841
1254,2014,2,22,6,30,0,0,0,2.1771955490112305,12.531640625000026,99.29552212676548
1255,2014,2,22,7,30,36,24,157,2.2302675247192383,14.19878540039065,85.693893367267
1256,2014,2,22,8,30,222,111,367,2.1814851760864262,17.463647460937526,72.42945204218086
1257,2014,2,22,9,30,443,162,558,2.214909076690674,21.364465332031273,59.77010008674689
1258,2014,2,22,10,30,604,242,543,2.3481154441833496,24.750268554687523,48.232764793643405
1259,2014,2,22,11,30,723,307,533,2.355156421661377,27.068750000000023,38.85818735588559
1260,2014,2,22,12,30,781,341,526,2.1858561038970947,28.361444091796894,33.531397897095225
1261,2014,2,22,13,30,773,331,534,1.9450196027755735,28.895410156250023,34.20693446875642
1262,2014,2,22,14,30,701,283,550,1.6667808294296265,28.810601806640648,40.58530729421327
1263,2014,2,22,15,30,570,219,551,1.4336309432983398,28.016229248046894,50.54532453121136
1264,2014,2,22,16,30,393,162,499,1.7612549066543581,25.909478759765648,62.38335883337642
1265,2014,2,22,17,30,192,84,425,2.586562156677246,22.251489257812523,75.20160898548062
1266,2014,2,22,18,30,0,0,0,3.0627477169036865,18.973046875000023,88.55085176354923
1267,2014,2,22,19,30,0,0,0,2.95580530166626,17.101922607421898,102.19697327211493
1268,2014,2,22,20,30,0,0,0,2.5929388999938965,15.87005004882815,115.97591207826937
1269,2014,2,22,21,30,0,0,0,2.208843231201172,15.109826660156275,129.751649185433
1270,2014,2,22,22,30,0,0,0,1.9103430509567259,14.67485961914065,143.31523409319132
1271,2014,2,22,23,30,0,0,0,1.9345653057098389,14.407373046875026,156.1104488397143
1272,2014,2,23,0,30,0,0,0,2.34328842163086,14.15569458007815,165.68896237953052
1273,2014,2,23,1,30,0,0,0,2.8882126808166504,13.734582519531275,164.1790764248274
1274,2014,2,23,2,30,0,0,0,3.355311870574951,13.0942321777344,153.4100897444383
1275,2014,2,23,3,30,0,0,0,3.668501615524292,12.318994140625026,140.34729268641792
1276,2014,2,23,4,30,0,0,0,3.859211444854736,11.551416015625026,126.70248646958943
1277,2014,2,23,5,30,0,0,0,3.999505519866944,10.90056762695315,112.9025095701372
1278,2014,2,23,6,30,0,0,0,4.056686878204347,11.006433105468775,99.12803977814505
1279,2014,2,23,7,30,45,24,269,3.826752185821533,13.016564941406275,85.51300469080786
1280,2014,2,23,8,30,267,73,635,3.4268760681152344,17.151361083984398,72.22714183482934
1281,2014,2,23,9,30,455,152,597,3.256457805633545,22.223260498046894,59.536544180814104
1282,2014,2,23,10,30,573,271,451,2.924537181854248,26.203515625000023,47.955746882843634
1283,2014,2,23,11,30,852,98,962,2.215695858001709,28.350701904296894,38.528195757456864
1284,2014,2,23,12,30,919,101,977,1.5096231698989868,29.417535400390648,33.164068716304755
1285,2014,2,23,13,30,910,101,974,0.9272989630699158,29.648187255859398,33.861425177076285
1286,2014,2,23,14,30,825,97,954,0.7887712717056274,29.000482177734398,40.30593103985985
1287,2014,2,23,15,30,671,89,911,1.4995871782302856,27.653985595703148,50.32953824149615
1288,2014,2,23,16,30,464,76,831,2.7017252445220947,25.588586425781273,62.214209684699824
1289,2014,2,23,17,30,227,53,675,3.533244371414185,22.659326171875023,75.06441130571717
1290,2014,2,23,18,30,0,0,0,3.6464667320251465,19.970361328125023,88.43481272650368
1291,2014,2,23,19,30,0,0,0,3.1809468269348145,18.173059082031273,102.09332141106205
1292,2014,2,23,20,30,0,0,0,2.4385745525360107,16.684533691406273,115.87653710452685
1293,2014,2,23,21,30,0,0,0,1.7037878036499023,15.893212890625026,129.64632466145173
1294,2014,2,23,22,30,0,0,0,1.1139687299728394,16.060998535156273,143.1867028262803
1295,2014,2,23,23,30,0,0,0,0.7695960402488708,16.369378662109398,155.9204027091586
1296,2014,2,24,0,30,0,0,0,0.6495018005371094,16.271508789062526,165.36064924461584
1297,2014,2,24,1,30,0,0,0,0.6228251457214355,16.038323974609398,163.84861707114558
1298,2014,2,24,2,30,0,0,0,0.5818831920623779,15.868188476562526,153.17984985512717
1299,2014,2,24,3,30,0,0,0,0.5341092944145203,15.693994140625026,140.16182621453322
1300,2014,2,24,4,30,0,0,0,0.5797301530838013,15.509545898437526,126.53390349865136
1301,2014,2,24,5,30,0,0,0,0.7083319425582886,15.309411621093775,112.73706549427516
1302,2014,2,24,6,30,0,0,0,0.8537102937698364,15.435510253906275,98.95695933759634
1303,2014,2,24,7,30,48,24,297,1.0288476943969729,16.317193603515648,85.32891196793298
1304,2014,2,24,8,30,275,64,684,1.230661392211914,17.762597656250023,72.02195183620928
1305,2014,2,24,9,30,509,81,838,1.3787238597869873,19.883935546875023,59.30033571524111
1306,2014,2,24,10,30,705,91,911,1.429735541343689,21.896997070312523,47.6761262260958
1307,2014,2,24,11,30,844,98,949,1.4367549419403076,22.916192626953148,38.19537642647817
1308,2014,2,24,12,30,913,101,966,1.4630531072616575,23.283868408203148,32.79392383902389
1309,2014,2,24,13,30,906,100,965,1.5539628267288208,23.342492675781273,33.514680729477085
1310,2014,2,24,14,30,821,96,946,1.8642915487289429,22.811791992187523,40.02727571356021
1311,2014,2,24,15,30,669,89,904,2.4786717891693115,21.547814941406273,50.11539344077254
1312,2014,2,24,16,30,463,76,824,3.097499370574951,19.911492919921894,62.0468990885514
1313,2014,2,24,17,30,227,53,670,3.2694594860076904,18.049707031250023,74.92892026263063
1314,2014,2,24,18,30,0,0,0,3.086298942565918,16.840722656250026,88.3201778707138
1315,2014,2,24,19,30,0,0,0,2.921772003173828,16.627435302734398,101.99065518001032
1316,2014,2,24,20,30,0,0,0,2.8315892219543457,16.653619384765648,115.7775754191556
1317,2014,2,24,21,30,0,0,0,2.6443734169006348,16.471795654296898,129.5406084016567
1318,2014,2,24,22,30,0,0,0,2.3433327674865723,16.186486816406273,143.05657063623983
1319,2014,2,24,23,30,0,0,0,2.091852188110352,15.98662719726565,155.72700722597514
1320,2014,2,25,0,30,0,0,0,1.8209710121154783,15.775537109375026,165.0291193359111
1321,2014,2,25,1,30,0,0,0,1.63053560256958,15.6209655761719,163.51318679291685
1322,2014,2,25,2,30,0,0,0,1.6554381847381592,15.606408691406275,152.9433298719759
1323,2014,2,25,3,30,0,0,0,1.7203004360198977,15.5228210449219,139.97094570492848
1324,2014,2,25,4,30,0,0,0,1.78255295753479,15.42156372070315,126.36071243907871
1325,2014,2,25,5,30,0,0,0,1.8523511886596682,15.281091308593775,112.5676337997598
1326,2014,2,25,6,30,0,0,0,1.877845287322998,15.375756835937526,98.782382592354
1327,2014,2,25,7,30,26,25,17,1.8128404617309568,16.466210937500026,85.14172498531306
1328,2014,2,25,8,30,146,127,61,1.7619106769561768,18.775079345703148,71.81400225860665
1329,2014,2,25,9,30,359,238,235,1.7020559310913086,21.690820312500023,59.061606209089135
1330,2014,2,25,10,30,623,236,571,1.5556604862213137,24.621636962890648,47.39404302990258
1331,2014,2,25,11,30,858,98,962,1.403247594833374,27.303186035156273,37.85986435554909
1332,2014,2,25,12,30,927,101,978,1.2209880352020264,29.123071289062523,32.421081416768125
1333,2014,2,25,13,30,919,101,977,1.0229538679122925,29.726922607421894,33.166840034016474
1334,2014,2,25,14,30,834,97,959,0.855133056640625,29.345239257812523,39.74947554745462
1335,2014,2,25,15,30,681,89,918,0.7594677209854126,28.164605712890648,49.90298086907199
1336,2014,2,25,16,30,472,76,840,1.1886810064315796,26.207788085937523,61.88147597972114
1337,2014,2,25,17,30,234,53,688,2.148022413253784,23.018182373046894,74.79515337923914
1338,2014,2,25,18,30,0,0,0,2.738497734069824,19.902947998046894,88.20694161544081
1339,2014,2,25,19,30,0,0,0,2.709827423095703,17.965600585937523,101.8889503510326
1340,2014,2,25,20,30,0,0,0,2.4538612365722656,16.533776855468773,115.67898781322228
1341,2014,2,25,21,30,0,0,0,2.151741504669189,16.166680908203148,129.43444947691546
1342,2014,2,25,22,30,0,0,0,1.735135555267334,16.622003173828148,142.9247837311473
1343,2014,2,25,23,30,0,0,0,1.2584383487701416,16.616845703125026,155.53025028581874
1344,2014,2,26,0,30,0,0,0,1.1199023723602295,16.142358398437526,164.6944765086221
1345,2014,2,26,1,30,0,0,0,1.5313854217529297,15.677514648437526,163.1730376849471
1346,2014,2,26,2,30,0,0,0,2.10977554321289,15.237145996093775,152.70070380868026
1347,2014,2,26,3,30,0,0,0,2.5521259307861333,14.637841796875026,139.77476677796366
1348,2014,2,26,4,30,0,0,0,2.9222075939178467,13.722924804687526,126.18301382313908
1349,2014,2,26,5,30,0,0,0,3.2400894165039062,12.739526367187526,112.39431413675926
1350,2014,2,26,6,30,0,0,0,3.45198917388916,12.781884765625026,98.6044139030836
1351,2014,2,26,7,30,55,33,255,3.2684788703918457,14.9124694824219,84.9515511004113
1352,2014,2,26,8,30,292,67,712,2.906682014465332,19.172753906250023,71.60341505662785
1353,2014,2,26,9,30,532,85,863,2.7988686561584477,23.69710693359377,58.82048873453279
1354,2014,2,26,10,30,732,96,935,2.6111619472503658,26.598352050781273,47.109639042434495
1355,2014,2,26,11,30,871,102,969,2.1739487648010254,28.233117675781273,37.52179583127728
1356,2014,2,26,12,30,938,105,982,1.6985510587692259,29.239068603515648,32.045659845819365
1357,2014,2,26,13,30,926,104,977,1.4448366165161133,29.450067138671894,32.81804245118893
1358,2014,2,26,14,30,837,100,954,1.8779700994491575,28.63289794921877,39.47266353586493
1359,2014,2,26,15,30,679,92,906,3.0614500045776367,26.69246826171877,49.692388413694886
1360,2014,2,26,16,30,467,79,818,4.303713798522948,23.16585693359377,61.717986147959365
1361,2014,2,26,17,30,229,56,654,5.005091190338135,19.010186767578148,74.66312534912622
1362,2014,2,26,18,30,0,0,0,5.015174865722656,16.107385253906273,88.09509605485559
1363,2014,2,26,19,30,0,0,0,4.364872932434082,14.482446289062526,101.78818102542776
1364,2014,2,26,20,30,0,0,0,3.4244542121887207,13.2172790527344,115.5807341808296
1365,2014,2,26,21,30,0,0,0,2.6586928367614746,12.013757324218775,129.32779714782163
1366,2014,2,26,22,30,0,0,0,2.1798300743103027,10.9689880371094,142.79129038279737
1367,2014,2,26,23,30,0,0,0,1.890108346939087,10.169824218750025,155.33012502142975
1368,2014,2,27,0,30,0,0,0,1.7013521194458008,9.638269042968775,164.35682558992778
1369,2014,2,27,1,30,0,0,0,1.5842716693878174,9.27800903320315,162.82841503446397
1370,2014,2,27,2,30,0,0,0,1.5442030429840088,9.016503906250025,152.45215034353598
1371,2014,2,27,3,30,0,0,0,1.568560004234314,8.823876953125025,139.5734099796567
1372,2014,2,27,4,30,0,0,0,1.6231484413146973,8.649713134765648,126.00091208570944
1373,2014,2,27,5,30,0,0,0,1.6037923097610474,8.483544921875023,112.21720923600951
1374,2014,2,27,6,30,0,0,0,1.4659056663513184,8.542291259765648,98.42316009276573
1375,2014,2,27,7,30,16,16,0,1.365502119064331,9.1658874511719,84.75851375708704
1376,2014,2,27,8,30,83,83,0,1.3248374462127686,10.48711547851565,71.39031383347401
1377,2014,2,27,9,30,152,149,5,1.3107036352157593,12.324548339843775,58.577117835377976
1378,2014,2,27,10,30,196,188,10,1.295922040939331,14.54741821289065,46.82305749832117
1379,2014,2,27,11,30,234,222,15,1.2135827541351318,17.143579101562526,37.18130841470257
1380,2014,2,27,12,30,253,238,16,1.1053798198699951,19.475885009765648,31.66777772779159
1381,2014,2,27,13,30,250,237,16,1.002177596092224,20.829309082031273,32.468427764310476
1382,2014,2,27,14,30,840,100,954,1.0402439832687378,21.203118896484398,39.19697132183948
1383,2014,2,27,15,30,684,92,911,1.4530152082443235,20.472955322265648,49.48370102093319
1384,2014,2,27,16,30,475,79,830,2.228292226791382,18.653466796875023,61.55647221467693
1385,2014,2,27,17,30,237,56,676,2.9330286979675293,15.902917480468775,74.53284806122393
1386,2014,2,27,18,30,0,0,0,3.1655261516571045,13.08306274414065,87.98463101554697
1387,2014,2,27,19,30,0,0,0,3.007586002349853,11.52044067382815,101.68831971316062
1388,2014,2,27,20,30,0,0,0,2.663981676101685,10.982568359375025,115.48277361874979
1389,2014,2,27,21,30,0,0,0,2.268971920013428,10.68572387695315,129.22060098505773
1390,2014,2,27,22,30,0,0,0,2.0077478885650635,10.441186523437525,142.65604105889142
1391,2014,2,27,23,30,0,0,0,1.936996936798096,10.2539001464844,155.1266297909875
1392,2014,2,28,0,30,0,0,0,1.936964750289917,10.1686950683594,164.01627230640204
1393,2014,2,28,1,30,0,0,0,1.9488096237182615,10.234521484375025,162.47955748662153
1394,2014,2,28,2,30,0,0,0,1.9898412227630613,10.29192504882815,152.1978522817858
1395,2014,2,28,3,30,0,0,0,2.0396795272827153,10.1496520996094,139.36700051382746
1396,2014,2,28,4,30,0,0,0,2.0523104667663574,9.881372070312525,125.81451539659746
1397,2014,2,28,5,30,0,0,0,2.0293822288513184,9.67339477539065,112.03642477904002
1398,2014,2,28,6,30,0,0,0,1.9932682514190676,10.82793579101565,98.23873033425372
1399,2014,2,28,7,30,60,34,277,1.8111761808395384,13.8404479980469,84.56272509811996
1400,2014,2,28,8,30,298,67,713,1.6604166030883791,17.646356201171898,71.17482374663533
1401,2014,2,28,9,30,538,85,864,1.7816734313964844,21.389367675781273,58.33162944479
1402,2014,2,28,10,30,740,96,937,1.9657669067382808,24.637078857421894,46.53444306311875
1403,2014,2,28,11,30,882,102,974,2.0888075828552246,27.140069580078148,36.83854092363604
1404,2014,2,28,12,30,951,105,990,2.206904888153076,28.593652343750023,31.287553831324445
1405,2014,2,28,13,30,941,104,988,2.3164591789245605,29.118676757812523,32.118136149987826
1406,2014,2,28,14,30,853,100,968,2.3755602836608887,28.904077148437523,38.92252908114492
1407,2014,2,28,15,30,696,92,925,2.516318082809448,27.914727783203148,49.27700061053477
1408,2014,2,28,16,30,484,79,845,2.973102569580078,25.78109130859377,61.39697361402778
1409,2014,2,28,17,30,242,56,691,3.527977466583252,22.217767333984398,74.40433062839305
1410,2014,2,28,18,30,0,0,0,3.7176437377929688,18.657830810546894,87.87553411694077
1411,2014,2,28,19,30,0,0,0,3.466235637664795,16.305139160156273,101.589337414098
1412,2014,2,28,20,30,0,0,0,3.0032835006713867,14.910363769531275,115.38506452655636
1413,2014,2,28,21,30,0,0,0,2.548335075378418,14.649560546875026,129.1128109886984
1414,2014,2,28,22,30,0,0,0,2.1531262397766118,14.96062622070315,142.51898855014082
1415,2014,2,28,23,30,0,0,0,1.8087205886840818,14.95855102539065,154.9197681526629
1416,2014,3,1,0,30,0,0,0,1.5685563087463381,14.723596191406275,163.67292321673844
1417,2014,3,1,1,30,0,0,0,1.5984253883361816,14.009973144531275,162.12669724034183
1418,2014,3,1,2,30,0,0,0,1.910376071929932,13.009606933593775,151.9379960389702
1419,2014,3,1,3,30,0,0,0,2.1856656074523926,12.4371276855469,139.15566797278817
1420,2014,3,1,4,30,0,0,0,2.280380725860596,12.03472290039065,125.62393549037584
1421,2014,3,1,5,30,0,0,0,2.308724403381348,11.58757934570315,111.85206926673985
1422,2014,3,1,6,30,0,0,0,2.3368782997131348,12.2965026855469,98.05123603696192
1423,2014,3,1,7,30,65,35,298,2.1619977951049805,14.8301940917969,84.36430290629328
1424,2014,3,1,8,30,307,68,730,1.8656505346298216,18.684960937500023,70.95707141295142
1425,2014,3,1,9,30,550,85,878,1.8658586740493772,23.229852294921894,58.084160802322906
1426,2014,3,1,10,30,752,96,948,2.109336853027344,27.291009521484398,46.24394177744001
1427,2014,3,1,11,30,893,102,983,2.1897125244140625,29.90462646484377,36.49363341689962
1428,2014,3,1,12,30,959,105,995,2.07568359375,31.11531982421877,30.905107054890927
1429,2014,3,1,13,30,945,104,988,2.034055233001709,31.418572998046894,31.76730814864312
1430,2014,3,1,14,30,854,100,964,2.214381217956543,30.856683349609398,38.64946540390362
1431,2014,3,1,15,30,693,92,917,2.7311511039733887,29.349267578125023,49.07236599294561
1432,2014,3,1,16,30,479,79,832,3.4055576324462886,26.705194091796894,61.23952657825672
1433,2014,3,1,17,30,238,56,673,3.688014268875122,22.95491943359377,74.27757941976516
1434,2014,3,1,18,30,0,0,0,3.4831764698028564,19.479058837890648,87.767790834421
1435,2014,3,1,19,30,0,0,0,3.1592538356781006,17.907525634765648,101.49120370093159
1436,2014,3,1,20,30,0,0,0,2.879258155822754,17.804467773437523,115.28756470738443
1437,2014,3,1,21,30,0,0,0,2.602219820022583,17.728112792968773,129.00437770652007
1438,2014,3,1,22,30,0,0,0,2.2784762382507324,17.439324951171898,142.3800880920662
1439,2014,3,1,23,30,0,0,0,1.9775364398956297,17.309655761718773,154.7095488258637
1440,2014,3,2,0,30,0,0,0,1.7138237953186035,17.247369384765648,163.32688564939303
1441,2014,3,2,1,30,0,0,0,1.4219675064086914,17.086450195312526,161.77006026633273
1442,2014,3,2,2,30,0,0,0,1.134146213531494,16.780297851562526,151.67277114697316
1443,2014,3,2,3,30,0,0,0,1.020232319831848,16.235620117187526,138.93954606753442
1444,2014,3,2,4,30,0,0,0,1.2011375427246094,15.267480468750026,125.4292874943639
1445,2014,3,2,5,30,0,0,0,1.645846247673035,14.2514587402344,111.66425388666859
1446,2014,3,2,6,30,0,0,0,2.0941143035888667,14.32671508789065,97.86079073266274
1447,2014,3,2,7,30,65,35,294,2.172736406326294,15.91509399414065,84.16336664123148
1448,2014,3,2,8,30,302,67,710,1.974265456199646,18.937677001953148,70.73718481305639
1449,2014,3,2,9,30,542,84,858,2.019054412841797,23.055871582031273,57.834850370156715
1450,2014,3,2,10,30,743,95,931,2.236488580703736,27.134881591796894,45.95170100049933
1451,2014,3,2,11,30,885,102,969,2.285567283630371,30.080316162109398,36.146727180424115
1452,2014,3,2,12,30,954,104,986,2.1589078903198238,31.613397216796894,30.520556390688604
1453,2014,3,2,13,30,945,104,985,1.895443320274353,32.14544067382815,31.41608463489777
1454,2014,3,2,14,30,859,100,967,1.66758131980896,31.848504638671894,38.37790717391032
1455,2014,3,2,15,30,702,92,926,1.6326429843902588,30.75521240234377,48.86987278966625
1456,2014,3,2,16,30,489,79,847,1.9248138666152956,28.723565673828148,61.08416412774102
1457,2014,3,2,17,30,246,56,694,2.55570125579834,25.219201660156273,74.15259809690369
1458,2014,3,2,18,30,0,0,0,3.0005178451538086,21.899377441406273,87.66138456499823
1459,2014,3,2,19,30,0,0,0,2.9750270843505864,20.134423828125023,101.39388680361442
1460,2014,3,2,20,30,0,0,0,2.6320934295654297,19.127587890625023,115.19023146921472
1461,2014,3,2,21,30,0,0,0,2.25886869430542,18.487725830078148,128.89525235106652
1462,2014,3,2,22,30,0,0,0,2.2765002250671387,17.815423583984398,142.23929748122106
1463,2014,3,2,23,30,0,0,0,2.637359142303467,16.917535400390648,154.495985640056
1464,2014,3,3,0,30,0,0,0,2.9582111835479736,15.885461425781275,162.9782676446334
1465,2014,3,3,1,30,0,0,0,3.063465118408203,14.840905761718775,161.40986654051818
1466,2014,3,3,2,30,0,0,0,2.9394307136535645,13.875268554687526,151.4023697840443
1467,2014,3,3,3,30,0,0,0,2.6859092712402344,13.134240722656275,138.71877235875056
1468,2014,3,3,4,30,0,0,0,2.5350677967071533,12.68071899414065,125.23068975523651
1469,2014,3,3,5,30,0,0,0,2.6841418743133545,12.5533386230469,111.47309237919022
1470,2014,3,3,6,30,0,0,0,3.033269166946411,13.7390075683594,97.66750996057249
1471,2014,3,3,7,30,68,36,306,3.4070308208465576,15.964746093750026,83.9600373378117
1472,2014,3,3,8,30,35,35,0,3.676133632659912,17.592584228515648,70.5152931952682
1473,2014,3,3,9,30,62,62,0,3.611639499664306,18.880609130859398,57.583837748410346
1474,2014,3,3,10,30,341,306,49,3.3757903575897217,19.767541503906273,45.65786935294258
1475,2014,3,3,11,30,553,411,175,3.179388999938965,19.994653320312523,35.797964715178274
1476,2014,3,3,12,30,596,442,177,2.9933085441589355,20.090417480468773,30.13402088963319
1477,2014,3,3,13,30,589,438,177,2.898259162902832,19.915124511718773,31.06460678767354
1478,2014,3,3,14,30,535,396,175,2.9877917766571045,19.423974609375023,38.10797944553981
1479,2014,3,3,15,30,437,322,173,3.2207958698272705,18.417047119140648,48.66959335710251
1480,2014,3,3,16,30,304,222,169,3.432092905044556,16.819360351562526,60.93091606557904
1481,2014,3,3,17,30,153,114,143,3.4473557472229004,14.936608886718775,74.02938765372159
1482,2014,3,3,18,30,0,0,0,3.2533211708068848,13.236779785156275,87.55629669547858
1483,2014,3,3,19,30,0,0,0,2.9565944671630864,11.985375976562526,101.29735369515345
1484,2014,3,3,20,30,0,0,0,2.7213234901428223,11.008935546875025,115.09302172618756
1485,2014,3,3,21,30,0,0,0,2.632115364074707,10.265832519531275,128.7853869150307
1486,2014,3,3,22,30,0,0,0,2.5978119373321533,9.7393737792969,142.09657718541524
1487,2014,3,3,23,30,0,0,0,2.510599136352539,9.409143066406275,154.27909747167718
1488,2014,3,4,0,30,0,0,0,2.2841389179229736,9.1907897949219,162.62717790049794
1489,2014,3,4,1,30,0,0,0,1.9725494384765625,9.076562500000025,161.0463302872772
1490,2014,3,4,2,30,0,0,0,1.5613958835601809,9.1895690917969,151.12698633005863
1491,2014,3,4,3,30,0,0,0,1.0939793586730957,9.3994079589844,138.49348798972073
1492,2014,3,4,4,30,0,0,0,0.8363209962844849,9.4735046386719,125.0282636649922
1493,2014,3,4,5,30,0,0,0,0.9266431927680968,9.5414978027344,111.27870090306757
1494,2014,3,4,6,30,0,0,0,1.081089735031128,10.305322265625025,97.47151115209637
1495,2014,3,4,7,30,54,39,140,0.9820314645767212,12.489099121093775,83.75443750319172
1496,2014,3,4,8,30,236,136,298,0.7899001240730286,15.805810546875026,70.29152697903828
1497,2014,3,4,9,30,402,245,290,0.7170277833938599,19.520135498046894,57.3312635897185
1498,2014,3,4,10,30,410,343,95,0.6713345050811768,22.775048828125023,45.362596659069084
1499,2014,3,4,11,30,486,408,96,0.6183885335922241,25.057855224609398,35.44748972700083
1500,2014,3,4,12,30,522,438,96,0.8116288781166077,26.261590576171894,29.745619627469093
1501,2014,3,4,13,30,515,432,96,1.5964043140411377,26.135461425781273,30.713016059829172
1502,2014,3,4,14,30,858,99,960,2.687363147735596,24.59920654296877,37.83980531845285
1503,2014,3,4,15,30,699,91,917,3.6392698287963863,21.806207275390648,48.471596713788145
1504,2014,3,4,16,30,488,79,838,4.2873144149780265,18.238824462890648,60.779808976685096
1505,2014,3,4,17,30,247,56,688,4.440442085266113,14.496240234375026,73.9079464598402
1506,2014,3,4,18,30,0,0,0,4.169430732727052,11.889184570312526,87.4525066730906
1507,2014,3,4,19,30,0,0,0,3.6481664180755615,10.789941406250025,101.20157017879411
1508,2014,3,4,20,30,0,0,0,3.069248676300049,10.25335083007815,114.99589210022968
1509,2014,3,4,21,30,0,0,0,2.4733686447143555,9.8830505371094,128.6747342851841
1510,2014,3,4,22,30,0,0,0,2.0224256515502934,9.6557556152344,141.95189044811897
1511,2014,3,4,23,30,0,0,0,1.8128697872161863,9.5721374511719,154.05890817008375
1512,2014,3,5,0,30,0,0,0,1.6930098533630369,9.5637145996094,162.27372572239886
1513,2014,3,5,1,30,0,0,0,1.6216604709625244,9.584558105468775,160.67966022771947
1514,2014,3,5,2,30,0,0,0,1.770684003829956,9.54595336914065,150.8468169472657
1515,2014,3,5,3,30,0,0,0,2.210033178329468,9.40142211914065,138.26383742200218
1516,2014,3,5,4,30,0,0,0,2.6868884563446045,9.29949340820315,124.82213348648209
1517,2014,3,5,5,30,0,0,0,3.0352911949157715,9.28692016601565,111.08119790049405
1518,2014,3,5,6,30,0,0,0,3.213850498199463,10.05657348632815,97.27291351516436
1519,2014,3,5,7,30,77,38,347,3.0756807327270512,12.3149353027344,83.54669101263484
1520,2014,3,5,8,30,322,69,743,2.927192211151123,16.013269042968773,70.06601765779307
1521,2014,3,5,9,30,565,85,883,3.096301555633545,20.300073242187523,57.07726951270977
1522,2014,3,5,10,30,768,95,952,3.277928352355957,23.981835937500023,45.06603388789533
1523,2014,3,5,11,30,909,102,986,3.2872047424316406,26.567834472656273,35.095447118128966
1524,2014,3,5,12,30,976,104,1000,3.159985065460205,28.001092529296894,29.355471671933195
1525,2014,3,5,13,30,964,104,997,2.881619930267334,28.585137939453148,30.361454147085748
1526,2014,3,5,14,30,875,100,977,2.3648624420166016,28.510369873046894,37.573505810161826
1527,2014,3,5,15,30,716,92,937,1.5162408351898191,27.70955810546877,48.275948471628396
1528,2014,3,5,16,30,501,79,861,1.1960592269897459,25.755090332031273,60.630866231725065
1529,2014,3,5,17,30,256,57,714,2.3289542198181152,22.141046142578148,73.78827030773435
1530,2014,3,5,18,30,0,0,0,3.5751552581787114,18.541131591796894,87.34999207828248
1531,2014,3,5,19,30,0,0,0,3.748647928237915,15.88408813476565,101.10650097629663
1532,2014,3,5,20,30,0,0,0,3.2960894107818604,13.4255310058594,114.89879902256956
1533,2014,3,5,21,30,0,0,0,2.6180672645568848,12.06707153320315,128.56324835429348
1534,2014,3,5,22,30,0,0,0,1.9275522232055664,12.028405761718775,141.80520338642697
1535,2014,3,5,23,30,0,0,0,1.4189763069152832,12.1270690917969,153.83544647324987
1536,2014,3,6,0,30,0,0,0,1.1926283836364746,11.9725280761719,161.91802097595942
1537,2014,3,6,1,30,0,0,0,1.0952389240264893,11.9309020996094,160.31005982932228
1538,2014,3,6,2,30,0,0,0,0.9608758687973022,11.963037109375026,150.56205918719644
1539,2014,3,6,3,30,0,0,0,0.8157927989959717,11.95842895507815,138.02996817491385
1540,2014,3,6,4,30,0,0,0,0.8376525640487671,11.761987304687526,124.61242617928936
1541,2014,3,6,5,30,0,0,0,1.1078647375106812,11.2220397949219,110.88070396196285
1542,2014,3,6,6,30,0,0,0,1.384429931640625,11.4844909667969,97.07183791847828
1543,2014,3,6,7,30,78,38,344,1.5583186149597168,13.49236450195315,83.33692300479302
1544,2014,3,6,8,30,317,68,722,1.8123658895492556,16.504815673828148,69.83889770138539
1545,2014,3,6,9,30,554,84,858,2.0443773269653316,19.231072998046894,56.82199801464395
1546,2014,3,6,10,30,751,94,925,2.147921323776245,21.163262939453148,44.76833309327344
1547,2014,3,6,11,30,889,100,960,2.290940761566162,22.429254150390648,34.741982980517896
1548,2014,3,6,12,30,955,103,974,2.496040344238281,22.987756347656273,28.96369605101038
1549,2014,3,6,13,30,944,102,971,2.66658091545105,22.916253662109398,30.01006295614178
1550,2014,3,6,14,30,856,98,951,2.830086708068848,22.037133789062523,37.309199726582115
1551,2014,3,6,15,30,699,91,910,3.1166167259216313,20.509912109375023,48.08271077107374
1552,2014,3,6,16,30,489,78,833,3.4784200191497803,18.750878906250023,60.484107995566795
1553,2014,3,6,17,30,250,56,687,3.6522121429443364,16.766687011718773,73.67035246322126
1554,2014,3,6,18,30,0,0,0,3.608922481536865,14.918054199218775,87.24872869978411
1555,2014,3,6,19,30,0,0,0,3.434381484985352,13.462182617187526,101.0121098173402
1556,2014,3,6,20,30,0,0,0,3.121045589447021,12.27117309570315,114.8016988352196
1557,2014,3,6,21,30,0,0,0,2.8172998428344727,11.389306640625026,128.45088413110287
1558,2014,3,6,22,30,0,0,0,2.5923480987548833,10.872888183593775,141.65648508264925
1559,2014,3,6,23,30,0,0,0,2.391670227050781,10.692773437500025,153.60874591412238
1560,2014,3,7,0,30,0,0,0,2.1422896385192867,10.679345703125025,161.5601740427756
1561,2014,3,7,1,30,0,0,0,1.8558075428009035,10.6592956542969,159.93772755377418
1562,2014,3,7,2,30,0,0,0,1.7027897834777832,10.7288757324219,150.27291162338815
1563,2014,3,7,3,30,0,0,0,1.7361204624176023,10.9294372558594,137.7920305694286
1564,2014,3,7,4,30,0,0,0,1.8248016834259035,11.021447753906275,124.39927122618994
1565,2014,3,7,5,30,0,0,0,1.9150400161743164,11.0988708496094,110.67734169125856
1566,2014,3,7,6,30,0,0,0,2.1213731765747066,11.618432617187526,96.86840677566238
1567,2014,3,7,7,30,81,38,358,2.2556769847869877,13.219689941406275,83.12525977645257
1568,2014,3,7,8,30,324,68,732,2.1874532699584956,16.423577880859398,69.61030045800004
1569,2014,3,7,9,30,563,84,869,2.154053211212158,20.275567626953148,56.56559238282093
1570,2014,3,7,10,30,762,94,935,2.2191998958587646,23.829553222656273,44.469647352619134
1571,2014,3,7,11,30,900,100,969,2.252901554107666,26.71492919921877,34.38724459076141
1572,2014,3,7,12,30,965,103,982,2.2221965789794917,28.268731689453148,28.570411722261845
1573,2014,3,7,13,30,952,102,978,2.1999828815460205,28.627069091796894,29.65898457165779
1574,2014,3,7,14,30,863,98,957,2.211231231689453,28.319146728515648,37.04700353078797
1575,2014,3,7,15,30,704,91,915,2.495185375213623,27.293237304687523,47.891942220700166
1576,2014,3,7,16,30,493,78,838,3.1646738052368164,24.938256835937523,60.33955124062985
1577,2014,3,7,17,30,252,56,690,3.7396998405456543,21.375604248046894,73.55418371947799
1578,2014,3,7,18,30,0,0,0,3.919610977172852,18.073693847656273,87.1486906116609
1579,2014,3,7,19,30,0,0,0,3.7452783584594727,15.8452087402344,100.91835952972505
1580,2014,3,7,20,30,0,0,0,3.3693246841430664,14.667749023437526,114.70454789200986
1581,2014,3,7,21,30,0,0,0,2.9426989555358887,14.370385742187526,128.33759784803172
1582,2014,3,7,22,30,0,0,0,2.3977999687194824,14.24956665039065,141.50570766931924
1583,2014,3,7,23,30,0,0,0,1.8536148071289065,14.076867675781275,153.3788447183334
1584,2014,3,8,0,30,0,0,0,1.6599287986755369,13.46990356445315,161.20029577883918
1585,2014,3,8,1,30,0,0,0,2.0301446914672847,12.565148925781275,159.56285710072183
1586,2014,3,8,2,30,0,0,0,2.614004135131836,12.0776306152344,149.97957350996555
1587,2014,3,8,3,30,0,0,0,3.035290241241455,11.7200866699219,137.55017747741442
1588,2014,3,8,4,30,0,0,0,3.3573386669158936,11.2174011230469,124.18280046070689
1589,2014,3,8,5,30,0,0,0,3.6396541595458975,10.721520996093775,110.47123557071704
1590,2014,3,8,6,30,0,0,0,3.8064117431640634,11.13555297851565,96.66274392962008
1591,2014,3,8,7,30,87,40,384,3.72602128982544,13.542077636718775,82.91182867713755
1592,2014,3,8,8,30,336,69,757,3.7640223503112793,17.601190185546898,69.38036005568529
1593,2014,3,8,9,30,580,85,891,4.060841083526611,21.839440917968773,56.30819660500828
1594,2014,3,8,10,30,781,95,956,4.014220237731934,25.013085937500023,44.17013070423376
1595,2014,3,8,11,30,920,101,988,3.6266989707946777,27.044152832031273,34.031380406644374
1596,2014,3,8,12,30,986,104,1001,3.3031275272369385,28.300744628906273,28.1757375432068
1597,2014,3,8,13,30,973,103,997,3.0549144744873047,28.864526367187523,29.308361221924145
1598,2014,3,8,14,30,881,99,977,2.776125431060791,28.714105224609398,36.787031210010845
1599,2014,3,8,15,30,721,91,935,2.3643877506256104,27.841821289062523,47.70369784130621
1600,2014,3,8,16,30,506,79,859,1.6210038661956787,26.119531250000023,60.19720976484938
1601,2014,3,8,17,30,260,57,714,1.3072167634963991,23.22982177734377,73.43975245429928
1602,2014,3,8,18,30,0,0,0,2.418318748474121,20.411157226562523,87.04985025230587
1603,2014,3,8,19,30,0,0,0,3.5879626274108887,18.327844238281273,100.82521213056654
1604,2014,3,8,20,30,0,0,0,3.701248168945313,16.251794433593773,114.60730265930641
1605,2014,3,8,21,30,0,0,0,3.336845874786377,14.559960937500026,128.22334706652043
1606,2014,3,8,22,30,0,0,0,2.9579439163208012,14.152429199218775,141.35284640743515
1607,2014,3,8,23,30,0,0,0,2.6877307891845703,14.717126464843775,153.14578569428258
1608,2014,3,9,0,30,0,0,0,2.368383407592773,14.975061035156275,160.83849747534674
1609,2014,3,9,1,30,0,0,0,1.987159252166748,14.8210388183594,159.1856376454339
1610,2014,3,9,2,30,0,0,0,1.5835810899734497,14.701867675781275,149.68224446545048
1611,2014,3,9,3,30,0,0,0,1.207080960273743,14.66192016601565,137.3045640766621
1612,2014,3,9,4,30,0,0,0,0.8959463834762573,14.511865234375026,123.96314789612778
1613,2014,3,9,5,30,0,0,0,0.6898822784423828,14.233850097656275,110.26251182698722
1614,2014,3,9,6,30,0,0,0,0.6480424404144287,14.37395629882815,96.45497453705221
1615,2014,3,9,7,30,5,5,0,0.7927974462509155,15.5766540527344,82.6967580035433
1616,2014,3,9,8,30,22,22,0,1.042961359024048,17.376794433593773,69.14921130335522
1617,2014,3,9,9,30,365,265,179,1.3006584644317627,18.971368408203148,56.049955278539905
1618,2014,3,9,10,30,349,315,47,1.5848876237869265,20.162561035156273,43.86993808292593
1619,2014,3,9,11,30,393,359,41,1.9554491043090818,20.870568847656273,33.67454006512628
1620,2014,3,9,12,30,422,385,42,2.3613688945770264,20.992364501953148,27.77979224275712
1621,2014,3,9,13,30,417,380,42,2.778283834457397,20.438043212890648,28.958335242934183
1622,2014,3,9,14,30,377,344,40,3.249246835708618,19.124383544921894,36.52939414138804
1623,2014,3,9,15,30,308,282,38,3.673891544342041,17.367028808593773,47.518029014796575
1624,2014,3,9,16,30,215,200,31,3.908169269561768,15.6549011230469,60.057094214461344
1625,2014,3,9,17,30,110,108,7,3.853520393371582,14.15728149414065,73.32704469066425
1626,2014,3,9,18,30,0,0,0,3.548654794692993,12.942529296875026,86.9521785052463
1627,2014,3,9,19,30,0,0,0,3.0598573684692383,12.056359863281275,100.7326289179935
1628,2014,3,9,20,30,0,0,0,2.3941450119018555,11.415185546875026,114.50991981612034
1629,2014,3,9,21,30,0,0,0,1.7264384031295776,10.941125488281275,128.10809077969648
1630,2014,3,9,22,30,0,0,0,1.4059484004974363,10.644738769531275,141.19787975788117
1631,2014,3,9,23,30,0,0,0,1.4711816310882568,10.45635375976565,152.90961611619738
1632,2014,3,10,0,30,0,0,0,1.509410381317139,10.31304321289065,160.47489082161442
1633,2014,3,10,1,30,0,0,0,1.3193732500076294,10.251611328125025,158.80625406905796
1634,2014,3,10,2,30,0,0,0,1.0541374683380127,10.3425231933594,149.3811241812181
1635,2014,3,10,3,30,0,0,0,0.8736686110496521,10.434289550781275,137.05534761238792
1636,2014,3,10,4,30,0,0,0,0.8842675685882568,10.4727722167969,123.7404495563161
1637,2014,3,10,5,30,0,0,0,1.0393695831298828,10.57805786132815,110.05129829758621
1638,2014,3,10,6,30,0,0,0,1.170857310295105,11.118676757812525,96.24522495340632
1639,2014,3,10,7,30,29,29,0,1.2778810262680054,12.798669433593775,82.4801768940235
1640,2014,3,10,8,30,109,109,0,1.474104642868042,15.72796020507815,68.9169895913831
1641,2014,3,10,9,30,220,208,21,1.8033149242401123,19.051293945312523,55.79101351824459
1642,2014,3,10,10,30,296,277,26,2.0911552906036377,21.498376464843773,43.56922525377945
1643,2014,3,10,11,30,406,368,45,2.1794819831848145,22.936730957031273,33.31687438172215
1644,2014,3,10,12,30,434,394,45,2.1862030029296875,23.634820556640648,27.3826943936902
1645,2014,3,10,13,30,428,388,45,2.170115232467652,23.565576171875023,28.60904904052881
1646,2014,3,10,14,30,388,352,44,2.181445837020874,22.978448486328148,36.274200956280595
1647,2014,3,10,15,30,317,289,42,2.3811278343200684,21.824609375000023,47.334983438138416
1648,2014,3,10,16,30,223,205,35,2.759617328643799,20.117089843750023,59.919212111453255
1649,2014,3,10,17,30,115,111,13,3.119327545166016,17.884118652343773,73.21604416041575
1650,2014,3,10,18,30,0,0,0,3.2727389335632324,15.83159790039065,86.85564478163973
1651,2014,3,10,19,30,0,0,0,3.13663911819458,14.694360351562526,100.64057056347369
1652,2014,3,10,20,30,0,0,0,2.832516431808472,14.333886718750026,114.4123563534676
1653,2014,3,10,21,30,0,0,0,2.4658608436584477,14.230004882812526,127.99178951244652
1654,2014,3,10,22,30,0,0,0,1.9581302404403689,14.0275817871094,141.04078944588443
1655,2014,3,10,23,30,0,0,0,1.3471852540969849,13.814294433593775,152.67038760122955
1656,2014,3,11,0,30,0,0,0,1.0446202754974363,13.444848632812526,160.1095878699812
1657,2014,3,11,1,30,0,0,0,1.383301019668579,12.4085632324219,158.42488718033977
1658,2014,3,11,2,30,0,0,0,2.1538124084472656,11.1884704589844,149.0764121538261
1659,2014,3,11,3,30,0,0,0,2.8819797039031982,10.47686157226565,136.80268716556134
1660,2014,3,11,4,30,0,0,0,3.369069576263428,9.8809753417969,123.51484330871332
1661,2014,3,11,5,30,0,0,0,3.6978914737701416,9.262109375000025,109.83772429829537
1662,2014,3,11,6,30,0,0,0,3.842525005340576,9.549340820312525,96.03362261821938
1663,2014,3,11,7,30,101,43,430,3.7374849319458012,11.810144042968775,82.26221522320925
1664,2014,3,11,8,30,354,70,781,3.8021411895751953,15.63982543945315,68.68383079175153
1665,2014,3,11,9,30,600,86,908,3.9796528816223145,19.559045410156273,55.53151686294015
1666,2014,3,11,10,30,803,95,971,3.843547344207764,22.825158691406273,43.26814874382391
1667,2014,3,11,11,30,944,101,1003,3.538519382476806,25.286645507812523,32.9585353510893
1668,2014,3,11,12,30,1009,104,1016,3.211737632751465,26.82430419921877,26.984562386162466
1669,2014,3,11,13,30,995,103,1012,2.9152379035949707,27.604882812500023,28.26064505041907
1670,2014,3,11,14,30,902,99,993,2.532851219177246,27.711236572265648,36.02155740388845
1671,2014,3,11,15,30,740,91,954,1.9773522615432741,27.103967285156273,47.15460508245091
1672,2014,3,11,16,30,523,79,882,1.2487105131149292,24.84749755859377,59.783567885763254
1673,2014,3,11,17,30,273,57,743,0.8951123952865601,21.797326660156273,73.10673237090447
1674,2014,3,11,18,30,0,0,0,1.4297813177108765,19.825463867187523,86.76021710441198
1675,2014,3,11,19,30,0,0,0,2.110191345214844,18.460137939453148,100.54899720461715
1676,2014,3,11,20,30,0,0,0,2.374018907546997,17.060998535156273,114.314569672969
1677,2014,3,11,21,30,0,0,0,2.388380527496338,15.642846679687526,127.87440541849016
1678,2014,3,11,22,30,0,0,0,2.221313953399658,14.3248229980469,140.88156051857396
1679,2014,3,11,23,30,0,0,0,1.8913788795471191,13.251306152343775,152.42815598122957
1680,2014,3,12,0,30,0,0,0,1.4157086610794067,12.48186645507815,159.74270100243808
1681,2014,3,12,1,30,0,0,0,0.950407326221466,11.995141601562526,158.04171392808576
1682,2014,3,12,2,30,0,0,0,0.8797668218612671,11.731469726562526,148.76830744019506
1683,2014,3,12,3,30,0,0,0,1.2559211254119873,11.603356933593775,136.5467434284544
1684,2014,3,12,4,30,0,0,0,1.6769440174102783,11.47991333007815,123.286468699635
1685,2014,3,12,5,30,0,0,0,1.9141488075256348,11.30413208007815,109.62192049169184
1686,2014,3,12,6,30,0,0,0,1.9368693828582764,12.6561218261719,95.8202959410392
1687,2014,3,12,7,30,103,43,434,1.6291719675064087,15.93120727539065,82.04300349663858
1688,2014,3,12,8,30,356,70,778,0.7373328208923341,20.374383544921894,68.44987115768232
1689,2014,3,12,9,30,601,86,905,0.7261412739753723,24.457513427734398,55.27161118049593
1690,2014,3,12,10,30,802,95,966,1.839606523513794,26.591577148437523,42.96686577132762
1691,2014,3,12,11,30,940,101,995,2.8349378108978267,27.561700439453148,32.59967614867912
1692,2014,3,12,12,30,1001,103,1004,3.8413026332855225,27.814813232421894,26.58551440223613
1693,2014,3,12,13,30,982,102,996,4.75415563583374,27.358636474609398,27.913265695691965
1694,2014,3,12,14,30,886,98,971,5.344029426574707,26.250909423828148,35.77156621419139
1695,2014,3,12,15,30,724,90,928,5.4859962463378915,24.121057128906273,46.976934157677384
1696,2014,3,12,16,30,509,78,853,5.1916160583496085,20.943566894531273,59.650162912180726
1697,2014,3,12,17,30,266,57,714,4.58075475692749,17.420983886718773,72.99908867472755
1698,2014,3,12,18,30,0,0,0,3.988204479217529,14.569299316406275,86.66586219363813
1699,2014,3,12,19,30,0,0,0,3.623299598693848,12.814294433593775,100.45786853811691
1700,2014,3,12,20,30,0,0,0,3.3404173851013184,11.60064086914065,114.21651768428237
1701,2014,3,12,21,30,0,0,0,3.001220226287842,10.602746582031275,127.75590237438591
1702,2014,3,12,22,30,0,0,0,2.5852270126342773,9.717492675781275,140.72018139539068
1703,2014,3,12,23,30,0,0,0,2.11356520652771,8.959985351562525,152.18298117004102
1704,2014,3,13,0,30,0,0,0,1.6755827665328982,8.396722412109398,159.37434289877746
1705,2014,3,13,1,30,0,0,0,1.3646845817565918,7.982781982421898,157.65690760392968
1706,2014,3,13,2,30,0,0,0,1.2184078693389893,7.665856933593773,148.4570084347829
1707,2014,3,13,3,30,0,0,0,1.23313570022583,7.422631835937523,136.28767848781902
1708,2014,3,13,4,30,0,0,0,1.340502381324768,7.218377685546898,123.05546679240022
1709,2014,3,13,5,30,0,0,0,1.4053252935409546,7.054559326171898,109.40401875690962
1710,2014,3,13,6,30,0,0,0,1.4012067317962646,7.648309326171898,95.60537418805315
1711,2014,3,13,7,30,18,18,0,1.4926979541778564,9.431848144531275,81.82267274580617
1712,2014,3,13,8,30,61,61,0,1.7584872245788574,11.6412292480469,68.21524722295186
1713,2014,3,13,9,30,127,127,1,2.120898723602295,14.00579223632815,55.011442571494435
1714,2014,3,13,10,30,213,203,12,2.4488396644592285,16.621881103515648,42.66553417261918
1715,2014,3,13,11,30,233,220,15,2.6521286964416504,18.886376953125023,32.24045113331377
1716,2014,3,13,12,30,250,234,17,2.749535083770752,20.223077392578148,26.18566839144288
1717,2014,3,13,13,30,246,232,16,2.8112926483154297,20.836358642578148,27.56705334144237
1718,2014,3,13,14,30,224,214,12,2.8540635108947754,20.789605712890648,35.52432696066044
1719,2014,3,13,15,30,736,91,941,2.8864221572875977,19.908868408203148,46.802007082793246
1720,2014,3,13,16,30,521,79,871,3.0051097869873047,18.250878906250023,59.51899555179689
1721,2014,3,13,17,30,273,57,733,3.2373065948486333,15.85088500976565,72.89309034207413
1722,2014,3,13,18,30,0,0,0,3.4774889945983887,13.5718933105469,86.57254555348824
1723,2014,3,13,19,30,0,0,0,3.5231032371521,12.064294433593775,100.36714391298872
1724,2014,3,13,20,30,0,0,0,3.376893758773804,10.8985534667969,114.1181589015732
1725,2014,3,13,21,30,0,0,0,3.1532602310180664,9.85515747070315,127.63624607028628
1726,2014,3,13,22,30,0,0,0,2.845019817352295,9.067407226562525,140.5566439115039
1727,2014,3,13,23,30,0,0,0,2.520439624786377,8.583276367187523,151.93492702710182
1728,2014,3,14,0,30,0,0,0,2.281378984451294,8.441186523437523,159.00462650623206
1729,2014,3,14,1,30,0,0,0,2.1408123970031743,8.654412841796898,157.27063803503438
1730,2014,3,14,2,30,0,0,0,2.0013790130615234,9.033471679687525,148.1427126674927
1731,2014,3,14,3,30,0,0,0,1.8664748668670652,9.306542968750025,136.02565561575406
1732,2014,3,14,4,30,0,0,0,1.8151485919952397,9.232324218750025,122.82198000827258
1733,2014,3,14,5,30,0,0,0,1.8834309577941892,8.859826660156275,109.18415206075727
1734,2014,3,14,6,30,0,0,0,1.9812439680099487,9.958947753906275,95.38898736931992
1735,2014,3,14,7,30,110,44,450,1.9547410011291504,13.3810974121094,81.60135442331443
1736,2014,3,14,8,30,364,71,782,2.088479518890381,17.849176025390648,67.980095700601
1737,2014,3,14,9,30,610,86,908,2.5322136878967285,22.425866699218773,54.751157271182564
1738,2014,3,14,10,30,813,95,970,2.8687665462493896,26.250360107421894,42.364312326037954
1739,2014,3,14,11,30,952,101,1002,2.887073516845703,28.941156005859398,31.88101585043404
1740,2014,3,14,12,30,1017,104,1014,2.671872138977051,30.624047851562523,25.785142047342266
1741,2014,3,14,13,30,1002,103,1011,2.339738130569458,31.347375488281273,27.22215024622777
1742,2014,3,14,14,30,908,99,991,2.0374598503112797,31.125756835937523,35.2799359231558
1743,2014,3,14,15,30,744,91,951,2.08012056350708,29.986779785156273,46.62985646195246
1744,2014,3,14,16,30,525,79,876,2.792702436447144,27.54476318359377,59.390061198116044
1745,2014,3,14,17,30,275,57,734,3.688572645187378,23.479638671875023,72.78871263588924
1746,2014,3,14,18,30,0,0,0,4.016901969909668,19.330010986328148,86.48023156017315
1747,2014,3,14,19,30,0,0,0,3.7278759479522714,16.429620361328148,100.27678242384485
1748,2014,3,14,20,30,0,0,0,3.167334079742432,14.471459960937526,114.01945253859577
1749,2014,3,14,21,30,0,0,0,2.601263999938965,13.32146606445315,127.51540409743716
1750,2014,3,14,22,30,0,0,0,2.0779895782470703,13.235803222656275,140.39094335422897
1751,2014,3,14,23,30,0,0,0,1.6785573959350586,13.7455993652344,151.6840612179851
1752,2014,3,15,0,30,0,0,0,1.6901419162750244,13.520349121093775,158.63366501027213
1753,2014,3,15,1,30,0,0,0,2.27463436126709,12.7000671386719,156.88307176668027
1754,2014,3,15,2,30,0,0,0,2.9348111152648926,12.149011230468775,147.82561662128666
1755,2014,3,15,3,30,0,0,0,3.290849208831787,11.64299926757815,135.760839068522
1756,2014,3,15,4,30,0,0,0,3.4866216182708736,10.968164062500025,122.58615197047405
1757,2014,3,15,5,30,0,0,0,3.637004375457764,10.320153808593775,108.9624543303544
1758,2014,3,15,6,30,0,0,0,3.6732311248779297,10.899194335937525,95.17126612688776
1759,2014,3,15,7,30,115,45,468,3.320042133331299,13.954003906250026,81.379180298337
1760,2014,3,15,8,30,372,71,793,2.861832618713379,19.160607910156273,67.74455338129547
1761,2014,3,15,9,30,618,86,915,2.6272764205932617,24.341180419921894,54.490901549823555
1762,2014,3,15,10,30,818,95,973,2.35671329498291,27.653192138671894,42.06335907282491
1763,2014,3,15,11,30,955,101,1002,2.078208446502685,29.594049072265648,31.521527035793905
1764,2014,3,15,12,30,1018,103,1012,1.891499757766724,30.791864013671894,25.38405278509791
1765,2014,3,15,13,30,1000,102,1006,1.6253404617309568,31.325555419921894,26.87869850990757
1766,2014,3,15,14,30,906,98,985,1.2500114440917969,31.195458984375023,35.03848595128696
1767,2014,3,15,15,30,742,91,945,0.9039565324783324,30.28255615234377,46.46051106662915
1768,2014,3,15,16,30,524,78,871,1.204623460769653,28.359826660156273,59.26335232767629
1769,2014,3,15,17,30,275,57,731,2.308335781097412,24.884057617187523,72.685928889583
1770,2014,3,15,18,30,0,0,0,3.2503037452697754,21.422967529296894,86.3888835510465
1771,2014,3,15,19,30,0,0,0,3.461240291595459,19.202813720703148,100.18674300399785
1772,2014,3,15,20,30,0,0,0,3.094147205352783,17.501519775390648,113.92035860242508
1773,2014,3,15,21,30,0,0,0,2.4043562412261963,16.277368164062526,127.39334603200712
1774,2014,3,15,22,30,0,0,0,1.775266408920288,15.47954711914065,140.2230784923715
1775,2014,3,15,23,30,0,0,0,1.8148419857025144,14.9183288574219,151.43045507268238
1776,2014,3,16,0,30,0,0,0,2.4699153900146484,14.2835632324219,158.26157180658572
1777,2014,3,16,1,30,0,0,0,3.149275302886963,13.485253906250026,156.49437223473967
1778,2014,3,16,2,30,0,0,0,3.605900526046753,12.627526855468775,147.50591556831088
1779,2014,3,16,3,30,0,0,0,3.9298996925354,11.836755371093775,135.49339389347782
1780,2014,3,16,4,30,0,0,0,4.246428489685059,11.218530273437525,122.3481273515702
1781,2014,3,16,5,30,0,0,0,4.523093700408936,10.8453308105469,108.73906032739599
1782,2014,3,16,6,30,0,0,0,4.644675254821777,11.723229980468775,94.95234162373127
1783,2014,3,16,7,30,117,45,467,4.520173072814941,14.8275085449219,81.1562823524305
1784,2014,3,16,8,30,370,71,782,4.598532199859619,19.072534179687523,67.5087570311398
1785,2014,3,16,9,30,612,85,901,4.709314346313477,22.52230224609377,54.23082161134979
1786,2014,3,16,10,30,810,95,959,4.265151977539063,24.945336914062523,41.762833634715435
1787,2014,3,16,11,30,947,100,989,3.491833209991455,26.735498046875023,31.1621426193891
1788,2014,3,16,12,30,1010,103,1000,2.646118402481079,27.77889404296877,24.982517720054034
1789,2014,3,16,13,30,994,102,997,1.8348398208618164,28.196252441406273,26.536840017464773
1790,2014,3,16,14,30,900,98,977,1.295469880104065,27.813531494140648,34.800066328899234
1791,2014,3,16,15,30,737,90,936,1.6324796676635742,26.244409179687523,46.2939958239013
1792,2014,3,16,16,30,520,78,862,2.780869245529175,23.414300537109398,59.13885855503405
1793,2014,3,16,17,30,273,57,721,3.706116199493408,19.506860351562523,72.5847105870941
1794,2014,3,16,18,30,0,0,0,4.087482929229736,15.484033203125026,86.29846391464659
1795,2014,3,16,19,30,0,0,0,4.31770658493042,12.586633300781275,100.09698451843849
1796,2014,3,16,20,30,0,0,0,4.374036312103272,10.9785095214844,113.82083798566723
1797,2014,3,16,21,30,0,0,0,4.068929672241212,10.128259277343775,127.2700435154361
1798,2014,3,16,22,30,0,0,0,3.666144847869873,9.471337890625025,140.0530515987154
1799,2014,3,16,23,30,0,0,0,3.383983612060547,8.806726074218775,151.17418344224726
1800,2014,3,17,0,30,0,0,0,3.0401010513305664,8.017510986328148,157.88846047404346
1801,2014,3,17,1,30,0,0,0,2.627436637878418,7.113031005859398,156.10469992813057
1802,2014,3,17,2,30,0,0,0,2.262362241744995,6.389733886718773,147.18380342331113
1803,2014,3,17,3,30,0,0,0,1.9357175827026367,5.952996826171898,135.22348574393692
1804,2014,3,17,4,30,0,0,0,1.568772554397583,5.721978759765648,122.10805172416224
1805,2014,3,17,5,30,0,0,0,1.2063581943511963,5.735894775390648,108.51410552406969
1806,2014,3,17,6,30,0,0,0,1.1482850313186646,6.735223388671898,94.73234543359949
1807,2014,3,17,7,30,121,45,477,1.4351744651794434,8.954797363281275,80.93279267565617
1808,2014,3,17,8,30,217,170,121,1.765774488449097,11.793969726562526,67.27284328904389
1809,2014,3,17,9,30,368,285,141,1.9670372009277344,14.827416992187526,53.971063490126646
1810,2014,3,17,10,30,675,301,497,1.9665106534957888,17.935723876953148,41.46289552791068
1811,2014,3,17,11,30,802,381,491,1.7158949375152588,20.949273681640648,30.803021729248425
1812,2014,3,17,12,30,859,421,482,1.367823600769043,23.040887451171894,24.580653647322634
1813,2014,3,17,13,30,848,403,495,1.2171592712402344,23.834893798828148,26.196716378405856
1814,2014,3,17,14,30,770,336,527,1.3694403171539309,23.605493164062523,34.56476263998593
1815,2014,3,17,15,30,770,92,978,1.807091236114502,22.482812500000023,46.13033181118736
1816,2014,3,17,16,30,547,79,907,2.4625661373138428,20.502832031250023,59.01656669214358
1817,2014,3,17,17,30,290,58,770,3.09993577003479,17.460900878906273,72.48502744534375
1818,2014,3,17,18,30,0,0,0,3.528691291809082,14.4809509277344,86.20893418143935
1819,2014,3,17,19,30,0,0,0,3.490596294403076,12.557763671875026,100.00746585639294
1820,2014,3,17,20,30,0,0,0,3.035935401916504,11.04900512695315,113.720852556853
1821,2014,3,17,21,30,0,0,0,2.5467214584350586,9.75640258789065,127.14547033090862
1822,2014,3,17,22,30,0,0,0,2.167823314666748,8.730828857421898,139.8808684656301
1823,2014,3,17,23,30,0,0,0,1.9818698167800903,7.966516113281273,150.9153245543306
1824,2014,3,18,0,30,0,0,0,2.0691204071044917,7.465722656250023,157.51444474854355
1825,2014,3,18,1,30,0,0,0,2.3946590423583984,7.238580322265648,155.71421254150312
1826,2014,3,18,2,30,0,0,0,2.6855053901672363,7.219934082031273,146.85947261320962
1827,2014,3,18,3,30,0,0,0,2.8324928283691406,7.324365234375023,134.9512807022592
1828,2014,3,18,4,30,0,0,0,2.972425937652588,7.534814453125023,121.86607141514132
1829,2014,3,18,5,30,0,0,0,3.1414828300476074,7.826409912109398,108.28772598085905
1830,2014,3,18,6,30,0,0,0,3.2559511661529537,9.425683593750025,94.5114094318645
1831,2014,3,18,7,30,126,46,492,3.031788825988769,13.046228027343775,80.7088433630821
1832,2014,3,18,8,30,385,72,802,2.998746395111084,17.948297119140648,67.03694856368918
1833,2014,3,18,9,30,634,87,924,3.4456987380981445,22.68026123046877,53.71177294596674
1834,2014,3,18,10,30,838,96,985,3.71177077293396,26.016412353515648,41.16370447321597
1835,2014,3,18,11,30,978,102,1015,3.777691841125488,28.208703613281273,30.44432469484593
1836,2014,3,18,12,30,1041,104,1027,3.802045345306397,29.519769287109398,24.17857702238551
1837,2014,3,18,13,30,1024,103,1023,3.6751286983489986,30.12142333984377,25.85846886119833
1838,2014,3,18,14,30,928,99,1003,3.4214928150177,30.027093505859398,34.332656636588396
1839,2014,3,18,15,30,762,92,964,3.151662349700928,29.206842041015648,45.96953625730689
1840,2014,3,18,16,30,541,79,893,2.6453876495361333,27.497521972656273,58.89646081202504
1841,2014,3,18,17,30,288,58,759,2.0787489414215092,24.289941406250023,72.38684749878057
1842,2014,3,18,18,30,0,0,0,2.0299782752990723,21.183831787109398,86.1202551153419
1843,2014,3,18,19,30,0,0,0,2.1831426620483403,19.313104248046894,99.91814602349005
1844,2014,3,18,20,30,0,0,0,2.1819281578063965,17.696374511718773,113.62036524923694
1845,2014,3,18,21,30,0,0,0,2.1758177280426025,16.304498291015648,127.01960247598775
1846,2014,3,18,22,30,0,0,0,2.233130931854248,15.3563171386719,139.70653841388037
1847,2014,3,18,23,30,0,0,0,2.4498586654663086,14.8256774902344,150.65395986837137
1848,2014,3,19,0,30,0,0,0,2.810864210128784,14.4936462402344,157.13963849763553
1849,2014,3,19,1,30,0,0,0,3.1804590225219727,14.197290039062526,155.3230651183547
1850,2014,3,19,2,30,0,0,0,3.4333715438842773,13.866357421875026,146.53311396162297
1851,2014,3,19,3,30,0,0,0,3.5748395919799805,13.4737487792969,134.67694511081248
1852,2014,3,19,4,30,0,0,0,3.686689376831055,13.031884765625026,121.62233336355062
1853,2014,3,19,5,30,0,0,0,3.793452024459839,12.5838562011719,108.06005822608064
1854,2014,3,19,6,30,0,0,0,3.80910849571228,13.284082031250026,94.2896656873023
1855,2014,3,19,7,30,126,46,485,3.4719038009643555,16.228082275390648,80.48456641163719
1856,2014,3,19,8,30,380,72,782,3.170013427734375,21.135064697265648,66.80120892991376
1857,2014,3,19,9,30,622,86,900,3.1160120964050293,25.840966796875023,53.453095357138565
1858,2014,3,19,10,30,821,96,958,2.7929162979125977,28.731683349609398,40.86542030202277
1859,2014,3,19,11,30,957,101,988,2.228979587554932,30.544671630859398,30.08621304968413
1860,2014,3,19,12,30,1018,103,999,1.679309368133545,31.676263427734398,23.776403942680503
1861,2014,3,19,13,30,1000,103,993,1.2689194679260254,32.031579589843766,25.52223832243567
1862,2014,3,19,14,30,904,99,972,1.1592893600463867,31.602014160156273,34.10382610928591
1863,2014,3,19,15,30,739,91,930,1.7974636554718018,30.386346435546894,45.81162255025933
1864,2014,3,19,16,30,521,78,854,3.300209283828736,28.179895019531273,58.77852231648963
1865,2014,3,19,17,30,273,58,709,4.5885844230651855,24.83699951171877,72.29013718601391
1866,2014,3,19,18,30,0,0,0,5.256685733795166,21.078240966796894,86.03238680573489
1867,2014,3,19,19,30,0,0,0,5.350863456726074,18.114129638671894,99.82898423325466
1868,2014,3,19,20,30,0,0,0,4.590195655822754,16.506188964843773,113.51934014751568
1869,2014,3,19,21,30,0,0,0,3.647717952728272,15.703820800781275,126.89241823124675
1870,2014,3,19,22,30,0,0,0,3.2227280139923096,15.312280273437526,139.53007429487374
1871,2014,3,19,23,30,0,0,0,3.014612197875977,15.216455078125026,150.39017393076114
1872,2014,3,20,0,30,0,0,0,2.6669411659240723,14.92522583007815,156.76415569586504
1873,2014,3,20,1,30,0,0,0,2.3583078384399414,14.612207031250026,154.93141018493515
1874,2014,3,20,2,30,0,0,0,2.139501571655273,14.58306274414065,146.20491658720522
1875,2014,3,20,3,30,0,0,0,1.9636907577514648,14.351037597656275,134.40064541091698
1876,2014,3,20,4,30,0,0,0,1.8041682243347168,13.723474121093775,121.37698498207213
1877,2014,3,20,5,30,0,0,0,1.6666852235794067,13.2794128417969,107.83123913746901
1878,2014,3,20,6,30,0,0,0,1.5747475624084473,13.5151306152344,94.06724635496136
1879,2014,3,20,7,30,125,46,467,1.4672563076019287,14.680200195312526,80.26009361738849
1880,2014,3,20,8,30,370,71,752,1.318969964981079,16.583245849609398,66.56576002472809
1881,2014,3,20,9,30,355,283,119,1.257903814315796,18.627954101562523,53.195175611456364
1882,2014,3,20,10,30,172,164,9,1.3781397342681885,20.428613281250023,40.56820285791604
1883,2014,3,20,11,30,566,441,144,1.5696732997894287,22.035852050781273,29.72884953268905
1884,2014,3,20,12,30,604,469,146,1.7462177276611328,23.199578857421894,23.374250130243663
1885,2014,3,20,13,30,594,462,146,1.9400606155395508,23.458917236328148,25.18816512997097
1886,2014,3,20,14,30,538,418,145,2.236705780029297,23.108789062500023,33.87834476071648
1887,2014,3,20,15,30,441,341,143,2.705044269561768,22.017877197265648,45.65660025151343
1888,2014,3,20,16,30,312,239,140,3.273043155670166,20.177606201171894,58.66273000794613
1889,2014,3,20,17,30,165,127,122,3.5508012771606445,18.120080566406273,72.19486143827339
1890,2014,3,20,18,30,0,0,0,3.475239515304565,16.361993408203148,85.94528875991911
1891,2014,3,20,19,30,0,0,0,3.3791780471801762,15.44158325195315,99.73993999794666
1892,2014,3,20,20,30,0,0,0,3.339074850082397,15.05681762695315,113.41774257253344
1893,2014,3,20,21,30,0,0,0,3.2889513969421387,14.7769714355469,126.76389822489796
1894,2014,3,20,22,30,0,0,0,3.1933586597442627,14.540673828125026,139.35149248637705
1895,2014,3,20,23,30,0,0,0,2.9962406158447266,14.291040039062526,150.12405423063538
1896,2014,3,21,0,30,0,0,0,2.652883768081665,13.90422973632815,156.38811040069203
1897,2014,3,21,1,30,0,0,0,2.4088897705078125,13.7159362792969,154.539397875235
1898,2014,3,21,2,30,0,0,0,2.281661033630371,13.8710876464844,145.8750678147274
1899,2014,3,21,3,30,0,0,0,2.1301188468933105,13.95708618164065,134.12254798953933
1900,2014,3,21,4,30,0,0,0,1.9995853900909424,13.933190917968775,121.13017402229113
1901,2014,3,21,5,30,0,0,0,1.8768563270568848,13.93255004882815,107.60140582559478
1902,2014,3,21,6,30,0,0,0,1.7821211814880369,14.26885375976565,93.84428357009494
1903,2014,3,21,7,30,129,46,476,1.8339924812316892,15.3040710449219,80.03555647316918
1904,2014,3,21,8,30,376,71,757,2.019568920135498,17.194757080078148,66.33073694281656
1905,2014,3,21,9,30,612,86,873,2.1603493690490723,19.662072753906273,52.93815799535391
1906,2014,3,21,10,30,808,95,933,2.160776138305664,22.567590332031273,40.27221189358794
1907,2014,3,21,11,30,943,101,965,1.994465708732605,25.933770751953148,29.37239808793872
1908,2014,3,21,12,30,1005,103,979,1.6306273937225342,28.491082763671894,22.97223091537168
1909,2014,3,21,13,30,990,103,977,1.272327899932861,29.417016601562523,24.856389079763826
1910,2014,3,21,14,30,897,99,958,1.4517630338668823,29.041284179687523,33.65628208288919
1911,2014,3,21,15,30,735,91,918,2.2725508213043213,27.417626953125023,45.50447511717145
1912,2014,3,21,16,30,520,79,844,3.242426872253418,24.645166015625023,58.549060165008065
1913,2014,3,21,17,30,275,58,704,3.812142372131348,21.314782714843773,72.10098376959223
1914,2014,3,21,18,30,0,0,0,3.767894744873047,18.815820312500023,85.85891999581125
1915,2014,3,21,19,30,0,0,0,3.223763465881348,17.858514404296898,99.65097321854692
1916,2014,3,21,20,30,0,0,0,2.5198793411254883,17.728631591796898,113.3155391638335
1917,2014,3,21,21,30,0,0,0,1.9411829710006716,17.736230468750023,126.63402549310707
1918,2014,3,21,22,30,0,0,0,1.4467024803161619,17.463647460937526,139.1708128819508
1919,2014,3,21,23,30,0,0,0,1.1243287324905396,17.293634033203148,149.85569105659604
1920,2014,3,22,0,30,0,0,0,1.0016231536865234,17.387414550781273,156.0116167289222
1921,2014,3,22,1,30,0,0,0,0.9764391183853148,17.396386718750026,154.1471760474524
1922,2014,3,22,2,30,0,0,0,1.1044756174087524,17.396051025390648,145.54375309774196
1923,2014,3,22,3,30,0,0,0,1.3139355182647705,17.308007812500026,133.84281903363595
1924,2014,3,22,4,30,0,0,0,1.5119985342025757,17.111169433593773,120.88204844366331
1925,2014,3,22,5,30,0,0,0,1.6739013195037842,16.583825683593773,107.3706955194307
1926,2014,3,22,6,30,0,0,0,1.757408857345581,17.172845458984398,93.62090934322477
1927,2014,3,22,7,30,132,47,482,1.7304350137710571,19.658868408203148,79.8110860667888
1928,2014,3,22,8,30,379,72,758,1.5721054077148438,22.91854248046877,66.09627413161614
1929,2014,3,22,9,30,615,86,871,1.2843433618545532,26.488977050781273,52.6821860809213
1930,2014,3,22,10,30,808,96,929,0.9800419807434082,29.609368896484398,39.97760696285817
1931,2014,3,22,11,30,940,101,958,0.7787624001502991,31.531793212890648,29.017023862259716
1932,2014,3,22,12,30,999,104,969,0.7994188070297241,32.371362304687516,22.570461221339517
1933,2014,3,22,13,30,981,103,965,1.2272650003433228,32.4016052246094,24.527049305730227
1934,2014,3,22,14,30,887,99,944,2.0520775318145748,30.904016113281273,33.43770323865488
1935,2014,3,22,15,30,725,91,901,3.0085690021514893,27.872949218750023,45.355249125839855
1936,2014,3,22,16,30,511,79,825,3.718071937561035,24.203088378906273,58.43748662190977
1937,2014,3,22,17,30,270,58,684,3.917633056640625,20.910394287109398,72.00846636856005
1938,2014,3,22,18,30,0,0,0,3.6720495223999023,19.002801513671894,85.77323913481298
1939,2014,3,22,19,30,0,0,0,3.2983410358428955,18.321801757812523,99.56204427378442
1940,2014,3,22,20,30,0,0,0,2.939030408859253,18.095391845703148,113.21269795995285
1941,2014,3,22,21,30,0,0,0,2.5540051460266118,17.975152587890648,126.50278553627795
1942,2014,3,22,22,30,0,0,0,2.23599910736084,17.956414794921898,138.98805887427446
1943,2014,3,22,23,30,0,0,0,1.9800242185592647,17.930780029296898,149.58517735503085
1944,2014,3,23,0,30,0,0,0,1.6883316040039062,17.824670410156273,155.63478883364178
1945,2014,3,23,1,30,0,0,0,1.455289363861084,17.740228271484398,153.7548903922349
1946,2014,3,23,2,30,0,0,0,1.402666091918945,17.645654296875023,145.21115595183323
1947,2014,3,23,3,30,0,0,0,1.5167679786682131,17.444757080078148,133.5616243917396
1948,2014,3,23,4,30,0,0,0,1.714748740196228,16.966394042968773,120.63275628619087
1949,2014,3,23,5,30,0,0,0,2.0425901412963867,16.065301513671898,107.13924545378752
1950,2014,3,23,6,30,0,0,0,2.4207277297973637,16.006738281250026,93.39725545621785
1951,2014,3,23,7,30,140,48,505,2.4374876022338867,17.718774414062523,79.58681297946886
1952,2014,3,23,8,30,395,74,785,2.1167554855346684,21.078393554687523,65.8625052859621
1953,2014,3,23,9,30,638,88,902,1.8411188125610352,25.594750976562523,52.427402610823094
1954,2014,3,23,10,30,838,98,962,1.55289626121521,29.845086669921894,39.68454730742933
1955,2014,3,23,11,30,975,104,993,1.1471502780914309,32.775964355468766,28.66289320000953
1956,2014,3,23,12,30,1037,106,1004,0.6194221377372742,34.214746093750016,22.169055550181767
1957,2014,3,23,13,30,1018,105,1000,0.4400882124900818,34.456262207031266,24.20028418211913
1958,2014,3,23,14,30,920,101,979,1.1078418493270874,33.6868835449219,33.22266894828115
1959,2014,3,23,15,30,751,93,934,2.40834903717041,31.874047851562523,45.20892051333145
1960,2014,3,23,16,30,528,80,853,3.72877836227417,28.518731689453148,58.32798085154661
1961,2014,3,23,17,30,278,59,703,4.46468448638916,23.708367919921894,71.91727019161581
1962,2014,3,23,18,30,0,0,0,4.576837539672852,19.755120849609398,85.68820449471029
1963,2014,3,23,19,30,0,0,0,4.2271366119384775,18.094445800781273,99.473114108011
1964,2014,3,23,20,30,0,0,0,3.5373020172119136,17.652673339843773,113.10918847622526
1965,2014,3,23,21,30,0,0,0,3.0501065254211426,17.582879638671898,126.37016637082688
1966,2014,3,23,22,30,0,0,0,3.0218486785888667,17.503289794921898,138.80325733241187
1967,2014,3,23,23,30,0,0,0,3.095893383026123,17.130151367187526,149.31260858992218
1968,2014,3,24,0,30,0,0,0,3.0713481903076167,16.554986572265648,155.2577408814934
1969,2014,3,24,1,30,0,0,0,2.8384599685668945,16.087945556640648,153.3626845331743
1970,2014,3,24,2,30,0,0,0,2.3581790924072266,15.747033691406275,144.87745789755908
1971,2014,3,24,3,30,0,0,0,1.9283810853958132,15.59380493164065,133.27912944292638
1972,2014,3,24,4,30,0,0,0,1.7558755874633791,15.6562438964844,120.38244554685792
1973,2014,3,24,5,30,0,0,0,1.7069547176361084,15.609338378906275,106.90719275893477
1974,2014,3,24,6,30,0,0,0,1.7271459102630615,15.826562500000026,93.17345335969681
1975,2014,3,24,7,30,138,48,487,1.9991238117218015,16.957330322265648,79.36286718495724
1976,2014,3,24,8,30,308,160,359,2.3868176937103267,18.968835449218773,65.62956324234713
1977,2014,3,24,9,30,620,88,868,2.543596744537353,21.465509033203148,52.17394938128178
1978,2014,3,24,10,30,814,97,928,2.4502859115600586,23.660943603515648,39.39319173831084
1979,2014,3,24,11,30,948,103,960,2.2055978775024414,25.141992187500023,28.310173634626175
1980,2014,3,24,12,30,1009,105,973,1.9632234573364256,26.158837890625023,21.76812796959452
1981,2014,3,24,13,30,992,104,970,1.9865179061889648,26.388818359375023,23.8762312177914
1982,2014,3,24,14,30,897,100,949,2.441181898117065,25.279016113281273,33.01123538144861
1983,2014,3,24,15,30,733,92,906,3.114213466644287,23.097039794921894,45.065483814192895
1984,2014,3,24,16,30,517,80,830,3.707821369171143,20.625817871093773,58.22051205185211
1985,2014,3,24,17,30,274,59,688,4.0033836364746085,18.520532226562523,71.82735505744735
1986,2014,3,24,18,30,0,0,0,4.1204986572265625,17.212609863281273,85.6037741824687
1987,2014,3,24,19,30,0,0,0,3.930510997772217,16.648217773437526,99.38414431807156
1988,2014,3,24,20,30,0,0,0,3.5035202503204346,16.443475341796898,113.00498178018059
1989,2014,3,24,21,30,0,0,0,3.2562952041625977,16.299279785156273,126.23615857673977
1990,2014,3,24,22,30,0,0,0,3.049398183822632,15.958093261718775,138.61643857354807
1991,2014,3,24,23,30,0,0,0,2.694091796875,15.501794433593775,149.03808260507796
1992,2014,3,25,0,30,0,0,0,2.217568874359131,15.190026855468775,154.88058703023805
1993,2014,3,25,1,30,0,0,0,1.8121795654296875,15.0274597167969,152.97070011979946
1994,2014,3,25,2,30,0,0,0,1.6092742681503296,14.913537597656275,144.54283841195894
1995,2014,3,25,3,30,0,0,0,1.6293172836303709,14.818688964843775,132.99549897254
1996,2014,3,25,4,30,0,0,0,1.7904820442199707,14.692590332031275,120.13126405970941
1997,2014,3,25,5,30,0,0,0,1.998800277709961,14.55449829101565,106.67467435212689
1998,2014,3,25,6,30,0,0,0,2.2447829246521,14.63811645507815,92.9496340713625
1999,2014,3,25,7,30,140,48,487,2.5634970664978027,14.916223144531275,79.13937794900997
2000,2014,3,25,8,30,384,73,746,2.8607239723205566,15.37078247070315,65.39757987275536
2001,2014,3,25,9,30,616,88,856,3.086613893508911,15.917199707031275,51.921967122811566
2002,2014,3,25,10,30,806,97,913,3.329338550567627,16.266290283203148,39.10369851144554
2003,2014,3,25,11,30,935,103,942,3.561223268508911,16.369165039062526,27.95903387605677
2004,2014,3,25,12,30,994,105,954,3.7120518684387207,16.358209228515648,21.3677921009661
2005,2014,3,25,13,30,977,104,951,3.7894980907440186,16.130792236328148,23.555026941901613
2006,2014,3,25,14,30,885,100,933,3.783256053924561,15.5600524902344,32.80345405551416
2007,2014,3,25,15,30,727,93,895,3.7266488075256343,14.967004394531275,44.92492990996693
2008,2014,3,25,16,30,516,81,824,3.6770446300506587,14.19609985351565,58.115047235589714
2009,2014,3,25,17,30,276,60,687,3.556676387786865,13.064782714843775,71.7386797427434
2010,2014,3,25,18,30,78,78,0,3.2813234329223637,12.113183593750026,85.5199061867965
2011,2014,3,25,19,30,0,0,0,3.0384502410888667,11.81853637695315,99.29509723860019
2012,2014,3,25,20,30,0,0,0,3.0141277313232417,11.949609375000026,112.90005056430422
2013,2014,3,25,21,30,0,0,0,2.9790267944335938,11.990075683593775,126.10075534069072
2014,2014,3,25,22,30,0,0,0,2.800625324249268,11.91448364257815,138.4276363290163
2015,2014,3,25,23,30,0,0,0,2.6992762088775635,11.9908386230469,148.76169948850497
2016,2014,3,26,0,30,0,0,0,2.6551733016967773,11.94243774414065,154.50344140667306
2017,2014,3,26,1,30,0,0,0,2.365273952484131,11.577539062500026,152.57907691354427
2018,2014,3,26,2,30,0,0,0,2.014342784881592,11.413415527343775,144.20747488797522
2019,2014,3,26,3,30,0,0,0,1.818729043006897,11.45830688476565,132.71089705469558
2020,2014,3,26,4,30,0,0,0,1.614897847175598,11.3732849121094,119.87935937963732
2021,2014,3,26,5,30,0,0,0,1.364918231964111,11.1956726074219,106.44182683132084
2022,2014,3,26,6,30,0,0,0,1.1607463359832764,11.3544860839844,92.72592807570706
2023,2014,3,26,7,30,147,49,511,1.1707241535186768,12.169396972656275,78.91647372937588
2024,2014,3,26,8,30,217,181,86,1.5607454776763916,13.7630554199219,65.16668597822017
2025,2014,3,26,9,30,377,296,130,2.1149258613586426,15.97380981445315,51.671595379088465
2026,2014,3,26,10,30,468,383,109,2.454402446746826,18.330438232421894,38.81622519757335
2027,2014,3,26,11,30,542,444,111,2.598270893096924,20.289361572265648,27.609643793479986
2028,2014,3,26,12,30,576,471,112,2.7256181240081787,21.577844238281273,20.968161108586656
2029,2014,3,26,13,30,565,462,111,2.9751248359680176,21.892175292968773,23.236806780345077
2030,2014,3,26,14,30,898,98,949,3.2639145851135254,21.262078857421894,32.599371740649865
2031,2014,3,26,15,30,736,90,909,3.504319667816162,20.122552490234398,44.78724608428575
2032,2014,3,26,16,30,522,78,838,3.8084988594055176,18.648614501953148,58.011551323052394
2033,2014,3,26,17,30,279,58,702,4.100440502166748,17.167810058593773,71.65120207865384
2034,2014,3,26,18,30,76,76,0,4.153465747833252,16.035852050781273,85.43655847033634
2035,2014,3,26,19,30,0,0,0,4.097402572631837,15.6728454589844,99.20593602618086
2036,2014,3,26,20,30,0,0,0,4.028087139129639,15.8349548339844,112.7943692160383
2037,2014,3,26,21,30,0,0,0,3.742223739624024,15.822473144531275,125.9639524946733
2038,2014,3,26,22,30,0,0,0,3.2791259288787837,15.568688964843775,138.23688770522278
2039,2014,3,26,23,30,0,0,0,2.86381196975708,15.413354492187526,148.48356143947657
2040,2014,3,27,0,30,0,0,0,2.4976155757904053,15.403405761718775,154.1264180846451
2041,2014,3,27,1,30,0,0,0,2.076709032058716,15.39751586914065,152.1879528669754
2042,2014,3,27,2,30,0,0,0,1.6962707042694092,15.2914978027344,143.87154260074482
2043,2014,3,27,3,30,0,0,0,1.6113746166229248,14.906457519531275,132.42548694116914
2044,2014,3,27,4,30,0,0,0,1.9615399837493896,13.833520507812526,119.62687866973208
2045,2014,3,27,5,30,0,0,0,2.6404383182525635,12.659997558593775,106.20878637086365
2046,2014,3,27,6,30,0,0,0,3.1974947452545166,12.985498046875026,92.50246522480042
2047,2014,3,27,7,30,155,50,537,3.2700617313385014,14.940820312500026,78.69428207643612
2048,2014,3,27,8,30,335,157,419,3.2597482204437256,18.006524658203148,64.93701118203154
2049,2014,3,27,9,30,649,88,899,3.5934658050537114,21.796807861328148,51.422972383685284
2050,2014,3,27,10,30,728,301,546,3.962367534637451,25.316125488281273,38.53092854594299
2051,2014,3,27,11,30,842,378,522,4.0919694900512695,27.791528320312523,27.262174392446283
2052,2014,3,27,12,30,892,412,512,4.066579818725587,29.14290771484377,20.569347690104284
2053,2014,3,27,13,30,874,391,524,3.8890104293823238,29.804315185546894,22.921704922447105
2054,2014,3,27,14,30,791,325,552,3.615320444107056,29.860894775390648,32.399030372472296
2055,2014,3,27,15,30,649,238,577,3.3069212436676025,29.246331787109398,44.652416084501695
2056,2014,3,27,16,30,461,170,548,2.743631362915039,28.002679443359398,57.90998723789136
2057,2014,3,27,17,30,248,97,478,1.989249587059021,25.60897216796877,71.56487904832059
2058,2014,3,27,18,30,68,68,0,1.6842162609100342,23.15462646484377,85.3536890613724
2059,2014,3,27,19,30,0,0,0,1.7985260486602783,21.646569824218773,99.11662474170687
2060,2014,3,27,20,30,0,0,0,1.8315341472625728,20.358514404296894,112.6879138851017
2061,2014,3,27,21,30,0,0,0,1.8005106449127195,19.165368652343773,125.82574855029031
2062,2014,3,27,22,30,0,0,0,1.9636785984039309,18.213189697265648,138.04423313943235
2063,2014,3,27,23,30,0,0,0,2.413460254669189,17.512536621093773,148.20377263852112
2064,2014,3,28,0,30,0,0,0,2.9771900177001958,16.837365722656273,153.7496310632966
2065,2014,3,28,1,30,0,0,0,3.484644889831543,16.106652832031273,151.79746419664718
2066,2014,3,28,2,30,0,0,0,3.8099031448364262,15.488793945312526,143.53521468015327
2067,2014,3,28,3,30,0,0,0,3.9751169681549072,15.0202575683594,132.13943095632754
2068,2014,3,28,4,30,0,0,0,4.087531089782715,14.5891052246094,119.37396859213376
2069,2014,3,28,5,30,0,0,0,4.1377782821655265,14.125756835937526,105.97568861924809
2070,2014,3,28,6,30,0,0,0,4.080369949340819,14.8448425292969,92.279374640313
2071,2014,3,28,7,30,79,72,38,3.868738412857056,17.713342285156273,78.47292953425722
2072,2014,3,28,8,30,207,180,61,3.9300036430358887,21.709771728515648,64.70868382272334
2073,2014,3,28,9,30,547,221,519,4.234829902648927,24.975030517578148,51.17623493492864
2074,2014,3,28,10,30,721,307,527,4.287705898284912,27.103967285156273,38.2479643418184
2075,2014,3,28,11,30,834,384,504,4.111132621765137,28.801934814453148,26.91679778551484
2076,2014,3,28,12,30,885,419,495,3.8167600631713863,30.03328857421877,20.17146406825887
2077,2014,3,28,13,30,869,400,507,3.4813716411590576,30.543725585937523,22.609854177281452
2078,2014,3,28,14,30,699,392,362,3.111124992370605,30.356988525390648,32.20246697286785
2079,2014,3,28,15,30,575,320,357,2.6453123092651367,29.506097412109398,44.520420190083634
2080,2014,3,28,16,30,409,224,348,2.0694003105163574,27.926568603515648,57.81031600549852
2081,2014,3,28,17,30,221,120,319,1.9571610689163208,25.392572021484398,71.47966688488215
2082,2014,3,28,18,30,59,59,0,2.5524144172668457,22.971246337890648,85.27125614503012
2083,2014,3,28,19,30,0,0,0,3.158868789672852,21.411553955078148,99.02712843134523
2084,2014,3,28,20,30,0,0,0,3.327428340911865,19.820062255859398,112.58066254782264
2085,2014,3,28,21,30,0,0,0,3.120224475860596,18.296166992187523,125.68614472847632
2086,2014,3,28,22,30,0,0,0,2.708225727081299,17.109490966796898,137.84971635091205
2087,2014,3,28,23,30,0,0,0,2.159395933151245,16.202935791015648,147.92243912023986
2088,2014,3,29,0,30,0,0,0,1.5416325330734253,15.58709106445315,153.3731942453741
2089,2014,3,29,1,30,0,0,0,0.989571213722229,15.1719909667969,151.40774544991302
2090,2014,3,29,2,30,0,0,0,0.6689885258674622,14.9232116699219,143.19866208877986
2091,2014,3,29,3,30,0,0,0,0.8131120204925537,14.84246215820315,131.85289039797152
2092,2014,3,29,4,30,0,0,0,1.314213514328003,14.7939392089844,119.12077520234443
2093,2014,3,29,5,30,0,0,0,1.8374929428100584,14.775537109375026,105.7426685988525
2094,2014,3,29,6,30,0,0,0,2.2192788124084477,16.060479736328148,92.0567846166701
2095,2014,3,29,7,30,135,67,335,2.4932045936584477,18.946008300781273,78.25254154233478
2096,2014,3,29,8,30,348,151,458,2.899794578552246,21.868920898437523,64.48183084686342
2097,2014,3,29,9,30,577,193,609,3.3796210289001465,24.06795654296877,50.9315182687865
2098,2014,3,29,10,30,836,98,936,3.774394035339356,25.565423583984398,37.967487257499535
2099,2014,3,29,11,30,966,103,964,4.1269168853759775,26.459741210937523,26.57368715553065
2100,2014,3,29,12,30,1023,105,975,4.436369895935059,26.770532226562523,19.77462198397967
2101,2014,3,29,13,30,1003,104,971,4.684144973754883,26.57503662109377,22.301385819144727
2102,2014,3,29,14,30,731,337,464,4.844717025756836,25.898095703125023,32.009713579584606
2103,2014,3,29,15,30,599,294,427,4.9002685546875,24.691278076171894,44.391235287340066
2104,2014,3,29,16,30,426,208,408,4.854371070861816,22.909082031250023,57.71249685414102
2105,2014,3,29,17,30,229,111,369,4.5498924255371085,20.652642822265648,71.3955211702077
2106,2014,3,29,18,30,60,60,0,4.126771926879884,18.570489501953148,85.18921815354781
2107,2014,3,29,19,30,0,0,0,3.776190280914306,17.127099609375026,98.93741320554555
2108,2014,3,29,20,30,0,0,0,3.405590534210205,16.022882080078148,112.47259506856695
2109,2014,3,29,21,30,0,0,0,3.0092883110046387,15.062829589843775,125.5451449848168
2110,2014,3,29,22,30,0,0,0,2.5813279151916504,14.26348266601565,137.65338428740952
2111,2014,3,29,23,30,0,0,0,2.1770129203796387,13.537622070312526,147.6396686494152
2112,2014,3,30,0,30,0,0,0,1.8752148151397705,12.8809753417969,152.99722141558917
2113,2014,3,30,1,30,0,0,0,1.9391326904296875,12.53386840820315,151.0189295660411
2114,2014,3,30,2,30,0,0,0,2.3577890396118164,12.492883300781275,142.86205360475142
2115,2014,3,30,3,30,0,0,0,2.5734105110168457,12.247827148437526,131.5660254436928
2116,2014,3,30,4,30,0,0,0,2.521273136138916,11.8279968261719,118.86744384691244
2117,2014,3,30,5,30,0,0,0,2.330496311187744,11.5541931152344,105.50986060774194
2118,2014,3,30,6,30,0,0,0,1.967180848121643,12.1111999511719,91.83482252559021
2119,2014,3,30,7,30,162,51,533,1.7799915075302124,13.88518676757815,78.03324233794399
2120,2014,3,30,8,30,412,75,775,1.921958446502685,16.245355224609398,64.25657770173355
2121,2014,3,30,9,30,646,89,878,2.1388628482818604,18.771356201171894,50.68895593009262
2122,2014,3,30,10,30,836,98,932,2.276731014251709,21.271203613281273,37.68965069699143
2123,2014,3,30,11,30,965,104,960,2.332225561141968,23.223657226562523,26.23301671041649
2124,2014,3,30,12,30,1022,106,971,2.3762028217315674,23.664422607421894,19.37893269095187
2125,2014,3,30,13,30,1002,105,967,2.525616407394409,22.736596679687523,21.996429421543557
2126,2014,3,30,14,30,858,212,761,2.8628976345062256,21.249566650390648,31.82079718517095
2127,2014,3,30,15,30,704,163,755,3.3428947925567627,19.672326660156273,44.26483495048796
2128,2014,3,30,16,30,501,116,718,3.74591851234436,18.293695068359398,57.616487318245724
2129,2014,3,30,17,30,270,76,605,3.848509788513184,16.752496337890648,71.31239693378106
2130,2014,3,30,18,30,70,70,0,3.5790371894836426,15.21135864257815,85.1075338559599
2131,2014,3,30,19,30,0,0,0,3.183154582977295,14.299035644531275,98.84744631635628
2132,2014,3,30,20,30,0,0,0,2.836857318878174,13.87175903320315,112.36369325808464
2133,2014,3,30,21,30,0,0,0,2.543474674224853,13.6895690917969,125.40275603035609
2134,2014,3,30,22,30,0,0,0,2.329294443130493,13.6204772949219,137.4552870675178
2135,2014,3,30,23,30,0,0,0,2.1408333778381348,13.529138183593775,147.35557060031974
2136,2014,3,31,0,30,0,0,0,1.9985127449035645,13.443811035156275,152.62182621902525
2137,2014,3,31,1,30,0,0,0,2.0510971546173096,13.463952636718775,150.63114793188487
2138,2014,3,31,2,30,0,0,0,2.2358417510986333,13.5786071777344,142.52555580864822
2139,2014,3,31,3,30,0,0,0,2.3879852294921875,13.648461914062526,131.27899506245078
2140,2014,3,31,4,30,0,0,0,2.5053961277008057,13.31939086914065,118.61411906441201
2141,2014,3,31,5,30,0,0,0,2.6614298820495605,12.6885925292969,105.27739812343088
2142,2014,3,31,6,30,0,0,0,2.661264657974243,13.412866210937526,91.61361472162308
2143,2014,3,31,7,30,169,53,552,2.230644941329956,16.023553466796898,77.81515485916493
2144,2014,3,31,8,30,423,76,792,1.7621961832046509,19.886468505859398,64.03304822799966
2145,2014,3,31,9,30,662,90,897,1.5244247913360596,24.356622314453148,50.448679641978885
2146,2014,3,31,10,30,855,100,951,1.2526265382766724,28.178277587890648,37.41460663396107
2147,2014,3,31,11,30,986,105,979,0.8671583533287048,30.648400878906273,25.8949616284193
2148,2014,3,31,12,30,1044,107,990,0.4822292327880859,31.786889648437523,18.98450695170833
2149,2014,3,31,13,30,1023,106,986,0.31638649106025696,31.96956787109377,21.695112679431233
2150,2014,3,31,14,30,925,102,966,0.5629915595054626,31.511987304687523,31.635739685997763
2151,2014,3,31,15,30,759,94,925,1.284880757331848,30.365930175781273,44.14118952891768
2152,2014,3,31,16,30,539,82,851,2.377657890319824,28.110833740234398,57.52224334395017
2153,2014,3,31,17,30,290,61,712,3.2561054229736333,24.549707031250023,71.23024875195705
2154,2014,3,31,18,30,71,71,0,3.550556182861328,20.833428955078148,85.02616244665644
2155,2014,3,31,19,30,0,0,0,3.429020404815674,18.491021728515648,98.75719623277868
2156,2014,3,31,20,30,0,0,0,3.1312770843505864,17.399011230468773,112.25394092879692
2157,2014,3,31,21,30,0,0,0,2.8487915992736816,17.074029541015648,125.25898734810964
2158,2014,3,31,22,30,0,0,0,2.6297664642333984,17.174951171875026,137.25547791904154
2159,2014,3,31,23,30,0,0,0,2.3458881378173833,17.068139648437526,147.07025583931576
2160,2014,4,1,0,30,0,0,0,1.9473481178283687,16.743341064453148,152.24712213949425
2161,2014,4,1,1,30,0,0,0,1.60569167137146,16.557397460937526,150.2445304324416
2162,2014,4,1,2,30,0,0,0,1.3894195556640625,16.515649414062526,142.1893330740865
2163,2014,4,1,3,30,0,0,0,1.3056212663650513,16.484521484375026,130.99195693113558
2164,2014,4,1,4,30,0,0,0,1.315158128738403,16.423333740234398,118.36094448953148
2165,2014,4,1,5,30,0,0,0,1.341726779937744,16.331903076171898,105.04541370855293
2166,2014,4,1,6,30,0,0,0,1.4362577199935913,16.905664062500026,91.3932864491255
2167,2014,4,1,7,30,167,55,523,1.586395502090454,18.749261474609398,77.59840064859385
2168,2014,4,1,8,30,416,81,757,1.6524107456207275,21.223016357421894,63.811364552330744
2169,2014,4,1,9,30,648,97,862,1.6981587409973145,23.872979736328148,50.2108191737865
2170,2014,4,1,10,30,838,107,916,1.7540833950042725,26.12606201171877,37.142505443150725
2171,2014,4,1,11,30,966,113,945,1.7484331130981443,27.357049560546894,25.559697992588926
2172,2014,4,1,12,30,1022,115,956,1.7940571308135986,27.841668701171894,18.591455035394645
2173,2014,4,1,13,30,1002,115,952,1.991221904754639,27.750177001953148,21.39756121908033
2174,2014,4,1,14,30,906,110,932,2.3809795379638667,27.064630126953148,31.454557841774612
2175,2014,4,1,15,30,743,102,891,2.9146978855133057,25.749505615234398,44.02026624041303
2176,2014,4,1,16,30,529,89,816,3.4264922142028813,24.062860107421894,57.42971939666107
2177,2014,4,1,17,30,285,67,674,3.697590112686157,21.904046630859398,71.14903084722872
2178,2014,4,1,18,30,71,71,0,3.733399629592896,19.597955322265648,84.94505916640644
2179,2014,4,1,19,30,0,0,0,3.5802388191223145,18.057122802734398,98.66663271399037
2180,2014,4,1,20,30,0,0,0,3.3347558975219727,17.511651611328148,112.14332394688765
2181,2014,4,1,21,30,0,0,0,3.1578192710876465,17.685815429687523,125.11385120493941
2182,2014,4,1,22,30,0,0,0,2.9943358898162837,17.763879394531273,137.05401311357522
2183,2014,4,1,23,30,0,0,0,2.7539024353027344,17.454736328125026,146.78383661091138
2184,2014,4,2,0,30,0,0,0,2.5650877952575684,17.285394287109398,151.87322247784738
2185,2014,4,2,1,30,0,0,0,2.3989999294281006,17.234216308593773,149.85920549656757
2186,2014,4,2,2,30,0,0,0,2.2145838737487797,17.028070068359398,141.85354756133796
2187,2014,4,2,3,30,0,0,0,2.1050901412963867,16.834405517578148,130.70506735576149
2188,2014,4,2,4,30,0,0,0,1.9580559730529783,16.598199462890648,118.10806276030573
2189,2014,4,2,5,30,0,0,0,1.8363070487976076,16.306024169921898,104.81403891855463
2190,2014,4,2,6,30,0,0,0,1.7383973598480225,17.261560058593773,91.17396175038576
2191,2014,4,2,7,30,170,56,522,1.663158893585205,19.847558593750023,77.38309975784057
2192,2014,4,2,8,30,417,82,754,1.8508468866348269,22.805200195312523,63.59164698028843
2193,2014,4,2,9,30,651,97,860,2.148087739944458,25.358819580078148,49.9755022076565
2194,2014,4,2,10,30,842,108,918,2.2913389205932617,27.524621582031273,36.87349572525115
2195,2014,4,2,11,30,974,114,950,2.347054958343506,29.456079101562523,25.22740271324119
2196,2014,4,2,12,30,1034,117,965,2.3887414932250977,30.881158447265648,18.199886717323523
2197,2014,4,2,13,30,1015,116,963,2.466099739074707,31.65316162109377,21.103898395295488
2198,2014,4,2,14,30,919,112,943,2.6085591316223145,31.53280029296877,31.27726324610516
2199,2014,4,2,15,30,753,103,901,2.9165258407592773,30.279412841796894,43.90202927019984
2200,2014,4,2,16,30,535,90,823,3.408756256103516,27.74813232421877,57.33886857020115
2201,2014,4,2,17,30,288,68,678,3.768644809722901,24.213433837890648,71.06869718740124
2202,2014,4,2,18,30,71,71,0,3.862178325653076,21.118524169921894,84.86419340365046
2203,2014,4,2,19,30,0,0,0,3.745032787322998,19.388421630859398,98.57572688060057
2204,2014,4,2,20,30,0,0,0,3.431365489959717,18.452294921875023,112.03183028114124
2205,2014,4,2,21,30,0,0,0,3.027653217315674,17.827447509765648,124.96736265933448
2206,2014,4,2,22,30,0,0,0,2.552199363708496,17.724389648437523,136.85095189774088
2207,2014,4,2,23,30,0,0,0,2.0082809925079346,17.869927978515648,146.49642642716586
2208,2014,4,3,0,30,0,0,0,1.6735378503799438,17.648065185546898,151.50024033017627
2209,2014,4,3,1,30,0,0,0,1.9073998928070068,16.783654785156273,149.47530013808867
2210,2014,4,3,2,30,0,0,0,2.528446674346924,15.74627075195315,141.5183592135121
2211,2014,4,3,3,30,0,0,0,3.0867269039154053,15.0040222167969,130.4184811970324
2212,2014,4,3,4,30,0,0,0,3.464085578918457,14.216638183593775,117.85561542827348
2213,2014,4,3,5,30,0,0,0,3.753284454345703,13.406945800781275,104.58340421122436
2214,2014,4,3,6,30,0,0,0,3.8701992034912114,13.80523071289065,90.95253492114841
2215,2014,4,3,7,30,182,58,558,3.6131589412689213,16.353692626953148,77.16937065283507
2216,2014,4,3,8,30,439,84,791,3.4236218929290767,20.899865722656273,63.3740138893983
2217,2014,4,3,9,30,678,100,894,3.5726897716522217,25.859674072265648,49.74285420382726
2218,2014,4,3,10,30,872,110,948,3.616520643234253,29.320611572265648,36.60772412513732
2219,2014,4,3,11,30,1003,117,977,3.4975435733795166,31.463372802734398,24.89825343708359
2220,2014,4,3,12,30,1060,119,988,3.37379789352417,32.70366821289065,17.809911280456774
2221,2014,4,3,13,30,1039,118,984,3.2946262359619136,33.16192016601565,20.814245075714624
2222,2014,4,3,14,30,940,114,965,3.17188048362732,32.986352539062516,31.103862308693856
2223,2014,4,3,15,30,773,105,925,2.9237170219421387,32.18377075195315,43.786439875488156
2224,2014,4,3,16,30,553,92,852,2.433556318283081,30.606378173828148,57.249642697747106
2225,2014,4,3,17,30,302,69,713,1.773247241973877,27.489678955078148,70.9892015846253
2226,2014,4,3,18,30,77,77,0,1.6051111221313477,24.494317626953148,84.78352180205792
2227,2014,4,3,19,30,0,0,0,1.8385756015777588,22.791558837890648,98.4844512835162
2228,2014,4,3,20,30,0,0,0,1.8622984886169436,21.353112792968773,111.91945004849951
2229,2014,4,3,21,30,0,0,0,1.933379888534546,20.185144042968773,124.81953956466265
2230,2014,4,3,22,30,0,0,0,2.419971704483032,19.173883056640648,136.6463564211937
2231,2014,4,3,23,30,0,0,0,3.131022930145264,18.090203857421894,146.20813996054062
2232,2014,4,4,0,30,0,0,0,3.7213945388793945,16.928063964843773,151.12828856585423
2233,2014,4,4,1,30,0,0,0,4.092496395111084,15.801538085937526,149.09293999259762
2234,2014,4,4,2,30,0,0,0,4.30016040802002,14.7762390136719,141.18392575496642
2235,2014,4,4,3,30,0,0,0,4.4056243896484375,13.88482055664065,130.13235180006768
2236,2014,4,4,4,30,0,0,0,4.466000556945801,13.1392761230469,117.60374287155676
2237,2014,4,4,5,30,0,0,0,4.546557426452637,12.700097656250026,104.3536388580991
2238,2014,4,4,6,30,0,0,0,4.514435768127441,13.855981445312526,90.7346360526353
2239,2014,4,4,7,30,135,88,207,4.104562759399413,17.597497558593773,76.95733012006329
2240,2014,4,4,8,30,449,86,805,3.6061022281646733,22.899560546875023,63.1585816226583
2241,2014,4,4,9,30,690,102,906,3.0689618587493896,27.461541748046894,49.51299826500514
2242,2014,4,4,10,30,883,112,957,2.1531205177307133,30.326715087890648,36.34533514388488
2243,2014,4,4,11,30,1011,118,982,1.5375818014144895,32.033898925781266,24.572428441548272
2244,2014,4,4,12,30,1065,120,989,1.9412729740142824,32.637841796875016,17.42163751904205
2245,2014,4,4,13,30,1038,119,981,2.9643039703369136,32.246911621093766,20.528719411984845
2246,2014,4,4,14,30,934,114,955,3.9537978172302246,31.052545166015648,30.93435624932659
2247,2014,4,4,15,30,761,105,906,4.6798057556152335,29.130334472656273,43.67345649528911
2248,2014,4,4,16,30,539,92,824,5.073205947875977,26.46248779296877,57.1619924638507
2249,2014,4,4,17,30,291,69,676,4.909477233886719,23.10286865234377,70.91049779399827
2250,2014,4,4,18,30,72,72,0,4.215195655822754,20.132989501953148,84.7030061459628
2251,2014,4,4,19,30,0,0,0,3.4824814796447754,18.449426269531273,98.39277997064842
2252,2014,4,4,20,30,0,0,0,3.0106091499328613,17.697473144531273,111.80617555633785
2253,2014,4,4,21,30,0,0,0,2.8160893917083736,17.632440185546898,124.670402568342
2254,2014,4,4,22,30,0,0,0,2.787158966064453,17.739312744140648,136.4402916617378
2255,2014,4,4,23,30,0,0,0,2.692923069000244,17.341790771484398,145.91909294018637
2256,2014,4,5,0,30,0,0,0,2.451211452484131,16.647119140625026,150.7574798054753
2257,2014,4,5,1,30,0,0,0,2.240653276443481,16.429193115234398,148.71224935010062
2258,2014,4,5,2,30,0,0,0,2.1175312995910645,16.554040527343773,140.85040269133646
2259,2014,4,5,3,30,0,0,0,1.912899613380432,16.390649414062526,129.84683092786727
2260,2014,4,5,4,30,0,0,0,1.7290209531784058,16.158380126953148,117.35258421063473
2261,2014,4,5,5,30,0,0,0,1.7059566974639893,16.143243408203148,104.12487085776064
2262,2014,4,5,6,30,0,0,0,1.9077876806259155,16.681573486328148,90.51795011912931
2263,2014,4,5,7,30,182,58,537,2.270090103149414,18.099420166015648,76.74709317359266
2264,2014,4,5,8,30,356,174,399,2.4902286529541016,19.741387939453148,62.94546438245197
2265,2014,4,5,9,30,661,100,859,2.508830547332764,21.561120605468773,49.28605499991283
2266,2014,4,5,10,30,848,110,912,2.466264247894287,24.292535400390648,36.086470944438965
2267,2014,4,5,11,30,974,116,940,2.416745662689209,26.492181396484398,24.250106512847157
2268,2014,4,5,12,30,1029,119,951,2.392693996429444,27.432031250000023,17.035173744536248
2269,2014,4,5,13,30,1006,118,946,2.4696497917175293,27.812524414062523,20.247436597790426
2270,2014,4,5,14,30,906,117,918,2.6803462505340576,27.390802001953148,30.76874110439063
2271,2014,4,5,15,30,742,107,875,2.972858667373657,26.153680419921894,43.56303486540633
2272,2014,4,5,16,30,527,92,799,3.31561541557312,24.288079833984398,57.075867517865504
2273,2014,4,5,17,30,285,70,654,3.523642301559448,21.891442871093773,70.83253961165563
2274,2014,4,5,18,30,69,69,0,3.4950296878814697,19.573937988281273,84.622609071172
2275,2014,4,5,19,30,0,0,0,3.387176990509033,18.423669433593773,98.30068855121637
2276,2014,4,5,20,30,0,0,0,3.2352993488311768,18.217279052734398,111.69200134132885
2277,2014,4,5,21,30,0,0,0,2.8808908462524414,18.057550048828148,124.51997510670742
2278,2014,4,5,22,30,0,0,0,2.3910813331604004,17.948968505859398,136.2328253477881
2279,2014,4,5,23,30,0,0,0,1.991503357887268,17.941278076171898,145.62940205155013
2280,2014,4,6,0,30,0,0,0,1.763262152671814,17.775781250000023,150.38792639854833
2281,2014,4,6,1,30,0,0,0,1.8407113552093504,17.035180664062526,148.33335118381373
2282,2014,4,6,2,30,0,0,0,2.210566520690918,16.118005371093773,140.51794331104142
2283,2014,4,6,3,30,0,0,0,2.5981979370117188,15.58843383789065,129.5620686984251
2284,2014,4,6,4,30,0,0,0,2.874964714050293,15.13359985351565,117.10227722685923
2285,2014,4,6,5,30,0,0,0,3.0995020866394043,14.77495727539065,103.89722685092056
2286,2014,4,6,6,30,0,0,0,3.196730613708496,15.483972167968775,90.30419225913437
2287,2014,4,6,7,30,126,92,144,2.9720258712768555,17.427514648437526,76.53877296330252
2288,2014,4,6,8,30,339,193,317,2.6985292434692383,20.613153076171894,62.734774125250865
2289,2014,4,6,9,30,516,296,335,2.8754096031188965,24.732568359375023,49.06214238636546
2290,2014,4,6,10,30,775,307,577,3.1620121002197266,28.258172607421894,35.83127115142605
2291,2014,4,6,11,30,888,379,556,3.235228538513184,30.65413818359377,23.931466806279694
2292,2014,4,6,12,30,935,411,547,3.2209901809692383,32.145837402343766,16.650627794088873
2293,2014,4,6,13,30,913,390,556,3.1015291213989262,32.931665039062516,19.97050861370863
2294,2014,4,6,14,30,911,141,894,2.9630026817321777,32.933190917968766,30.607007745980052
2295,2014,4,6,15,30,748,123,860,2.871848821640014,32.26531372070315,43.455128138084184
2296,2014,4,6,16,30,534,101,794,2.608928203582764,30.963830566406273,56.991216588067395
2297,2014,4,6,17,30,292,75,657,2.1357271671295166,28.185205078125023,70.75528097227563
2298,2014,4,6,18,30,73,73,0,1.749744892120361,25.247735595703148,84.5422941458115
2299,2014,4,6,19,30,0,0,0,1.3513511419296265,23.679101562500023,98.20815425758377
2300,2014,4,6,20,30,0,0,0,0.6984806060791016,22.593164062500023,111.5769242049112
2301,2014,4,6,21,30,0,0,0,0.5286889672279358,21.606408691406273,124.36828339581423
2302,2014,4,6,22,30,0,0,0,1.0360794067382812,20.722192382812523,136.0240278784747
2303,2014,4,6,23,30,0,0,0,1.4192142486572266,19.885583496093773,145.3391848394283
2304,2014,4,7,0,30,0,0,0,1.4390122890472412,19.048516845703148,150.01974040098162
2305,2014,4,7,1,30,0,0,0,1.257720708847046,18.209161376953148,147.95636717523746
2306,2014,4,7,2,30,0,0,0,1.0395689010620115,17.374078369140648,140.1866986877463
2307,2014,4,7,3,30,0,0,0,0.9041153192520142,16.625695800781273,129.27821352503724
2308,2014,4,7,4,30,0,0,0,0.9477921724319458,16.009759521484398,116.85295828344685
2309,2014,4,7,5,30,0,0,0,1.0502525568008425,15.578759765625026,103.67083203726378
2310,2014,4,7,6,30,0,0,0,1.0314066410064695,16.252984619140648,90.09200729063907
2311,2014,4,7,7,30,83,80,12,0.8901528120040894,18.773889160156273,76.332480684012
2312,2014,4,7,8,30,381,160,477,0.9244459867477416,21.978021240234398,62.52662045698498
2313,2014,4,7,9,30,578,238,516,1.1614127159118652,24.62703857421877,48.84137563405302
2314,2014,4,7,10,30,869,113,929,1.3551639318466189,26.622277832031273,35.57987264533668
2315,2014,4,7,11,30,995,119,956,1.5036282539367676,27.99569091796877,23.61668868713575
2316,2014,4,7,12,30,1048,122,965,1.583851337432861,28.735589599609398,16.26810704184905
2317,2014,4,7,13,30,1024,121,959,1.5131456851959229,28.909082031250023,19.698043959242252
2318,2014,4,7,14,30,926,116,939,1.4370195865631104,28.616448974609398,30.449141913928024
2319,2014,4,7,15,30,762,108,900,1.485043168067932,27.918145751953148,43.34968700622461
2320,2014,4,7,16,30,545,94,825,1.6592485904693604,26.445336914062523,56.90798759674425
2321,2014,4,7,17,30,298,71,683,2.146259069442749,23.773706054687523,70.67867604578886
2322,2014,4,7,18,30,74,74,0,2.6737840175628658,20.636682128906273,84.46202594932716
2323,2014,4,7,19,30,0,0,0,2.6569855213165283,18.153955078125023,98.11515600451185
2324,2014,4,7,20,30,0,0,0,2.2615363597869877,16.515191650390648,111.4609432453092
2325,2014,4,7,21,30,0,0,0,1.8957092761993408,15.51177368164065,124.2153564182372
2326,2014,4,7,22,30,0,0,0,1.616771221160889,14.943444824218775,135.81397224152875
2327,2014,4,7,23,30,0,0,0,1.571560978889465,14.4915710449219,145.04855961409316
2328,2014,4,8,0,30,0,0,0,1.851117730140686,13.934411621093775,149.6530335523044
2329,2014,4,8,1,30,0,0,0,2.3503894805908203,13.24627075195315,147.5814177357806
2330,2014,4,8,2,30,0,0,0,2.993202209472656,12.606286621093775,139.8568176836387
2331,2014,4,8,3,30,0,0,0,3.5181221961975098,12.04497680664065,128.99541205983448
2332,2014,4,8,4,30,0,0,0,3.6901679039001465,11.420007324218775,116.60476224899307
2333,2014,4,8,5,30,0,0,0,3.513484239578247,10.795922851562525,103.44581009417404
2334,2014,4,8,6,30,0,0,0,3.0622663497924805,11.68462524414065,89.881512625004
2335,2014,4,8,7,30,203,63,586,2.670624017715454,14.538476562500026,76.12832548595104
2336,2014,4,8,8,30,465,89,809,2.4134721755981445,17.895532226562523,62.32111052950224
2337,2014,4,8,9,30,707,105,910,2.178484916687012,21.006188964843773,48.62386704748464
2338,2014,4,8,10,30,900,116,961,2.1678321361541752,23.440301513671894,35.332409351476635
2339,2014,4,8,11,30,1028,122,986,2.3998477458953857,25.060784912109398,23.30595155067301
2340,2014,4,8,12,30,1080,124,993,2.685489654541016,25.93392333984377,15.887718413378408
2341,2014,4,8,13,30,1052,123,985,2.9367780685424805,26.068963623046894,19.430147372219178
2342,2014,4,8,14,30,631,442,218,3.174506664276123,25.530877685546894,30.29512426097001
2343,2014,4,8,15,30,518,360,216,3.358522891998291,24.40853271484377,43.24665983173112
2344,2014,4,8,16,30,371,254,213,3.463881492614746,22.674371337890648,56.82612777565363
2345,2014,4,8,17,30,204,140,192,3.4862987995147705,20.259759521484398,70.6026793331697
2346,2014,4,8,18,30,52,52,0,3.463090419769287,17.780267333984398,84.38177014980918
2347,2014,4,8,19,30,0,0,0,3.3623909950256348,16.210198974609398,98.02167444598335
2348,2014,4,8,20,30,0,0,0,3.146235942840576,15.286950683593775,111.344059886192
2349,2014,4,8,21,30,0,0,0,2.894733428955078,14.35845336914065,124.06122590594788
2350,2014,4,8,22,30,0,0,0,2.6670541763305664,13.4805847167969,135.60273392939786
2351,2014,4,8,23,30,0,0,0,2.498429775238037,12.742211914062526,144.75764536086297
2352,2014,4,9,0,30,0,0,0,2.357248306274414,12.0766540527344,149.28791725262482
2353,2014,4,9,1,30,0,0,0,2.226666212081909,11.4399353027344,147.20862202502443
2354,2014,4,9,2,30,0,0,0,2.099567413330078,10.80144653320315,139.52844695312672
2355,2014,4,9,3,30,0,0,0,2.0124452114105225,10.121728515625025,128.71380913996762
2356,2014,4,9,4,30,0,0,0,1.9816644191741943,9.445581054687525,116.3578224232428
2357,2014,4,9,5,30,0,0,0,1.954783916473389,9.1146179199219,103.22228309701076
2358,2014,4,9,6,30,0,0,0,1.9898116588592532,10.836022949218775,89.67282373383424
2359,2014,4,9,7,30,203,63,576,2.226516962051392,14.208886718750026,75.92641438633628
2360,2014,4,9,8,30,458,89,789,2.4702534675598145,17.217889404296898,62.118348938040725
2361,2014,4,9,9,30,694,105,888,2.4777681827545166,19.788079833984398,48.4097258892095
2362,2014,4,9,10,30,885,115,940,2.3898568153381348,21.976373291015648,35.08901202417317
2363,2014,4,9,11,30,1012,122,967,2.368015766143799,23.656732177734398,22.99943461942013
2364,2014,4,9,12,30,1066,124,977,2.420759916305542,24.746057128906273,15.50956840354229
2365,2014,4,9,13,30,1042,123,972,2.547337532043457,25.142602539062523,19.166919536350623
2366,2014,4,9,14,30,941,119,951,2.742919445037842,24.816644287109398,30.14493041110583
2367,2014,4,9,15,30,774,110,910,2.9581241607666016,23.741326904296894,43.145992777780116
2368,2014,4,9,16,30,554,96,835,3.125375509262085,21.880181884765648,56.74558378191299
2369,2014,4,9,17,30,305,73,696,3.1377687454223637,19.388787841796894,70.52724576128253
2370,2014,4,9,18,30,78,78,0,3.09102725982666,16.948907470703148,84.30149357934994
2371,2014,4,9,19,30,0,0,0,3.0069470405578613,15.35955200195315,97.92769202918458
2372,2014,4,9,20,30,0,0,0,2.8607654571533203,14.390405273437526,111.22627790172098
2373,2014,4,9,21,30,0,0,0,2.7373013496398926,13.566796875000026,123.90592631929779
2374,2014,4,9,22,30,0,0,0,2.5998902320861816,12.823449707031275,135.39039085354023
2375,2014,4,9,23,30,0,0,0,2.461210012435913,12.110131835937526,144.46656165261032
2376,2014,4,10,0,30,0,0,0,2.351675510406494,11.4609313964844,148.92450253929488
2377,2014,4,10,1,30,0,0,0,2.28318452835083,10.8759704589844,146.83809796589776
2378,2014,4,10,2,30,0,0,0,2.249517679214477,10.347619628906275,139.2017309468248
2379,2014,4,10,3,30,0,0,0,2.2682461738586426,9.911950683593775,128.4335477365596
2380,2014,4,10,4,30,0,0,0,2.3617796897888184,9.49871215820315,116.11227046524886
2381,2014,4,10,5,30,0,0,0,2.5016493797302246,9.3221374511719,103.00037144132082
2382,2014,4,10,6,30,0,0,0,2.502765655517578,11.101220703125025,89.4660540651858
2383,2014,4,10,7,30,197,72,506,2.2784619331359863,14.9246765136719,75.72685218235989
2384,2014,4,10,8,30,469,90,804,1.9330742359161377,19.051568603515648,61.918437620141475
2385,2014,4,10,9,30,708,106,902,1.6179695129394531,22.754510498046894,48.19905824390651
2386,2014,4,10,10,30,899,117,953,1.4766983985900881,25.637078857421894,34.84980802684348
2387,2014,4,10,11,30,1026,123,979,1.588061809539795,27.562036132812523,22.697316716372512
2388,2014,4,10,12,30,1078,125,987,1.975878953933716,28.45198974609377,15.133763098266854
2389,2014,4,10,13,30,1051,124,980,2.531789302825928,28.287500000000023,18.908456777585968
2390,2014,4,10,14,30,948,119,956,3.042010307312012,27.193292236328148,29.998531031246024
2391,2014,4,10,15,30,777,110,911,3.415732860565185,25.39290771484377,43.04762994456934
2392,2014,4,10,16,30,555,96,834,3.700031280517578,23.03695068359377,56.66630181399099
2393,2014,4,10,17,30,305,73,691,3.727090120315552,20.148187255859398,70.45233077642652
2394,2014,4,10,18,30,78,78,0,3.40967321395874,17.265557861328148,84.22116430743573
2395,2014,4,10,19,30,0,0,0,2.8806729316711426,15.365014648437526,97.83319304596935
2396,2014,4,10,20,30,0,0,0,2.3198041915893555,14.341577148437526,111.10760343830832
2397,2014,4,10,21,30,0,0,0,1.859100699424744,13.54692993164065,123.74949482232985
2398,2014,4,10,22,30,0,0,0,1.576527118682861,12.824975585937526,135.1770232574052
2399,2014,4,10,23,30,0,0,0,1.5676507949829102,12.18316040039065,144.1754285653733
2400,2014,4,11,0,30,0,0,0,1.7674864530563354,11.64666137695315,148.56290006322538
2401,2014,4,11,1,30,0,0,0,2.0126924514770512,11.184777832031275,146.469962256842
2402,2014,4,11,2,30,0,0,0,2.1593952178955083,10.775048828125025,138.87681191551175
2403,2014,4,11,3,30,0,0,0,2.235733985900879,10.412133789062525,128.15476890597014
2404,2014,4,11,4,30,0,0,0,2.3245339393615723,10.103295898437525,115.86823632357788
2405,2014,4,11,5,30,0,0,0,2.3949782848358154,10.075280761718775,102.7801937666037
2406,2014,4,11,6,30,0,0,0,2.381106376647949,12.003869628906275,89.26131496247505
2407,2014,4,11,7,30,210,64,584,2.1666734218597408,16.013879394531273,75.5297413656472
2408,2014,4,11,8,30,466,90,793,1.8687536716461184,20.487023925781273,61.72147575600263
2409,2014,4,11,9,30,702,106,889,1.67320716381073,25.021752929687523,47.99196688352619
2410,2014,4,11,10,30,890,116,940,1.44637930393219,28.791680908203148,34.6149211084797
2411,2014,4,11,11,30,1015,123,965,1.100944995880127,31.223901367187523,22.399776012349573
2412,2014,4,11,12,30,1066,125,972,0.9052009582519532,32.51104125976565,14.76040820061678
2413,2014,4,11,13,30,1038,124,965,1.1923575401306152,32.77984008789065,18.654850750300255
2414,2014,4,11,14,30,936,119,942,1.9489926099777224,32.090356445312516,29.8558919161768
2415,2014,4,11,15,30,768,110,898,2.9707226753234863,30.34090576171877,42.95151350839896
2416,2014,4,11,16,30,548,96,820,3.9740397930145264,27.317559814453148,56.58822772765553
2417,2014,4,11,17,30,300,73,676,4.469566345214844,23.115502929687523,70.37789043675645
2418,2014,4,11,18,30,74,74,0,4.1832380294799805,19.199731445312523,84.14075171234045
2419,2014,4,11,19,30,0,0,0,3.481182098388672,16.850854492187526,97.73816368138586
2420,2014,4,11,20,30,0,0,0,2.873595714569092,15.54778442382815,110.988045032731
2421,2014,4,11,21,30,0,0,0,2.515507936477661,14.659448242187526,123.59197125444557
2422,2014,4,11,22,30,0,0,0,2.320276021957397,13.935510253906275,134.9627136281389
2423,2014,4,11,23,30,0,0,0,2.2177515029907227,13.224816894531275,143.8843665969078
2424,2014,4,12,0,30,0,0,0,2.2100067138671875,12.5755554199219,148.20322006489081
2425,2014,4,12,1,30,0,0,0,2.2015881538391118,12.018090820312526,146.1043303811628
2426,2014,4,12,2,30,0,0,0,2.0951123237609863,11.578637695312526,138.55382991396664
2427,2014,4,12,3,30,0,0,0,1.9704716205596924,11.310144042968775,127.87761174327248
2428,2014,4,12,4,30,0,0,0,1.8788731098175049,11.1987243652344,115.62584816866176
2429,2014,4,12,5,30,0,0,0,1.7807581424713137,11.377343750000026,102.56186688184759
2430,2014,4,12,6,30,0,0,0,1.6886292695999146,13.290551757812526,89.05871558605565
2431,2014,4,12,7,30,208,66,560,1.6173932552337646,16.895227050781273,75.33518203821507
2432,2014,4,12,8,30,460,94,767,1.650180101394653,20.644006347656273,61.527559670581276
2433,2014,4,12,9,30,693,111,865,1.7700240612030032,24.137719726562523,47.7885511339859
2434,2014,4,12,10,30,880,122,917,1.9314422607421875,27.076165771484398,34.384471177344594
2435,2014,4,12,11,30,1004,129,944,2.161736965179444,29.246453857421894,22.106989746165443
2436,2014,4,12,12,30,1054,132,952,2.4975547790527344,30.443505859375023,14.389609061738085
2437,2014,4,12,13,30,1028,131,945,2.9912829399108887,30.561486816406273,18.406188114634304
2438,2014,4,12,14,30,926,126,921,3.527210235595703,29.668481445312523,29.716974086592156
2439,2014,4,12,15,30,759,117,876,3.932705402374268,27.86776123046877,42.85758386354632
2440,2014,4,12,16,30,542,102,797,4.119980812072754,25.321588134765648,56.511307151730726
2441,2014,4,12,17,30,297,78,649,4.018477916717528,22.348474121093773,70.30388150321485
2442,2014,4,12,18,30,74,74,0,3.6898822784423833,19.604302978515648,84.06022655032669
2443,2014,4,12,19,30,0,0,0,3.3664724826812744,17.823602294921898,97.64259205951416
2444,2014,4,12,20,30,0,0,0,3.1572699546813965,16.778375244140648,110.86761362689501
2445,2014,4,12,21,30,0,0,0,2.9831652641296387,15.884851074218775,123.43339809857204
2446,2014,4,12,22,30,0,0,0,2.772000789642334,15.2580505371094,134.74754660728883
2447,2014,4,12,23,30,0,0,0,2.5183589458465576,15.00017700195315,143.5934965879822
2448,2014,4,13,0,30,0,0,0,2.3231751918792725,15.08501586914065,147.8455723499178
2449,2014,4,13,1,30,0,0,0,2.2818479537963867,15.417626953125026,145.74131661369447
2450,2014,4,13,2,30,0,0,0,2.2257826328277592,15.56157836914065,138.23292280444818
2451,2014,4,13,3,30,0,0,0,2.1150903701782227,15.52239379882815,127.60221333775112
2452,2014,4,13,4,30,0,0,0,2.0399827957153316,15.589990234375026,115.3852323270842
2453,2014,4,13,5,30,0,0,0,1.9812476634979248,15.801904296875026,102.34550569268637
2454,2014,4,13,6,30,5,4,10,1.965828895568848,17.143945312500026,88.85836283749741
2455,2014,4,13,7,30,144,101,166,2.023068904876709,20.016351318359398,75.14327183010641
2456,2014,4,13,8,30,453,93,749,2.1509451866149902,23.649621582031273,61.33678273761114
2457,2014,4,13,9,30,583,246,499,2.270885467529297,27.792871093750023,47.58890674380021
2458,2014,4,13,10,30,775,325,543,2.3031609058380127,31.755303955078148,34.158574072655966
2459,2014,4,13,11,30,886,399,524,2.2127280235290527,34.718286132812516,21.819133916095442
2460,2014,4,13,12,30,934,430,518,2.046374559402466,36.53963623046877,14.021470717234097
2461,2014,4,13,13,30,912,407,531,1.8973710536956787,37.28130493164065,18.162550206354013
2462,2014,4,13,14,30,877,244,728,1.8052432537078855,37.01595458984377,29.581733900190677
2463,2014,4,13,15,30,720,191,719,1.991926193237305,35.70675048828127,42.76577976677636
2464,2014,4,13,16,30,514,139,676,2.6543540954589844,33.057092285156266,56.43548560341136
2465,2014,4,13,17,30,281,95,549,3.34000301361084,29.014367675781273,70.23026152905129
2466,2014,4,13,18,30,70,70,0,3.608596801757813,24.81258544921877,83.97956102269316
2467,2014,4,13,19,30,0,0,0,3.430282592773437,21.802056884765648,97.54646828633592
2468,2014,4,13,20,30,0,0,0,2.984501600265503,19.968988037109398,110.74632257908328
2469,2014,4,13,21,30,0,0,0,2.503129243850708,18.803796386718773,123.27382044591965
2470,2014,4,13,22,30,0,0,0,2.0280194282531743,18.021875000000023,134.53160890067386
2471,2014,4,13,23,30,0,0,0,1.4965376853942869,17.577996826171898,143.3029396464834
2472,2014,4,14,0,30,0,0,0,0.9899561405181884,17.388177490234398,147.4900662643559
2473,2014,4,14,1,30,0,0,0,1.0931332111358645,17.299859619140648,145.38103402492158
2474,2014,4,14,2,30,0,0,0,1.735307693481445,17.202569580078148,137.9142262597417
2475,2014,4,14,3,30,0,0,0,2.311445713043213,16.902764892578148,127.32870873027456
2476,2014,4,14,4,30,0,0,0,2.7685885429382324,16.340325927734398,115.14651321782236
2477,2014,4,14,5,30,0,0,0,3.169403076171875,15.88250122070315,102.13122313027357
2478,2014,4,14,6,30,9,7,59,3.356691598892212,17.028802490234398,88.66036128645935
2479,2014,4,14,7,30,215,68,569,3.2506623268127437,20.529992675781273,74.95410581884856
2480,2014,4,14,8,30,469,95,774,3.4141216278076167,25.309991455078148,61.14923528582512
2481,2014,4,14,9,30,704,112,873,3.6599326133728023,29.559472656250023,47.39312575510937
2482,2014,4,14,10,30,777,343,522,3.4715538024902344,32.4403015136719,33.937341335185664
2483,2014,4,14,11,30,885,421,499,3.1320760250091557,34.44231567382815,21.53638294154192
2484,2014,4,14,12,30,929,452,491,2.8406798839569087,35.6375671386719,13.65609792972768
2485,2014,4,14,13,30,905,426,503,2.6413249969482417,35.99971923828127,17.92401270121387
2486,2014,4,14,14,30,789,358,495,2.5592055320739746,35.5974060058594,29.450123175365047
2487,2014,4,14,15,30,645,272,507,3.1548380851745605,34.3845153808594,42.67603848397167
2488,2014,4,14,16,30,459,211,447,4.710176467895508,32.18425903320315,56.36070860292786
2489,2014,4,14,17,30,250,120,382,6.106692314147949,28.614556884765648,70.15698894767263
2490,2014,4,14,18,30,62,62,0,6.611467361450195,23.986383056640648,83.8987288405612
2491,2014,4,14,19,30,0,0,0,6.138435363769531,19.772058105468773,97.44978448986835
2492,2014,4,14,20,30,0,0,0,5.1556358337402335,17.068780517578148,110.62418767177469
2493,2014,4,14,21,30,0,0,0,4.560324668884277,15.5532165527344,123.11328595751765
2494,2014,4,14,22,30,0,0,0,4.332272529602052,14.4555603027344,134.31498918767562
2495,2014,4,14,23,30,0,0,0,4.360931396484375,13.47734985351565,143.01281707406378
2496,2014,4,15,0,30,0,0,0,4.5753374099731445,12.436914062500026,147.136810669505
2497,2014,4,15,1,30,0,0,0,4.718707084655762,11.2398620605469,145.02359448266108
2498,2014,4,15,2,30,0,0,0,4.707929611206055,10.1210876464844,137.59787376556213
2499,2014,4,15,3,30,0,0,0,4.539582252502441,9.227746582031275,127.05723087228857
2500,2014,4,15,4,30,0,0,0,4.190408706665038,8.494775390625023,114.90981329029344
2501,2014,4,15,5,30,0,0,0,3.624823570251465,8.009698486328148,101.91913008179695
2502,2014,4,15,6,30,0,0,0,2.8769633769989014,8.432275390625023,88.46481310011967
2503,2014,4,15,7,30,9,9,0,2.1184701919555664,10.070642089843775,74.7677764506754
2504,2014,4,15,8,30,110,110,0,1.5182875394821167,12.3669372558594,60.96500450742178
2505,2014,4,15,9,30,134,132,4,1.4347617626190186,14.9256530761719,47.201296377523406
2506,2014,4,15,10,30,239,225,16,1.904203176498413,17.484918212890648,33.7208799776738
2507,2014,4,15,11,30,273,255,19,2.480700969696045,19.719018554687523,21.25890929374387
2508,2014,4,15,12,30,287,267,20,2.942326545715332,21.263391113281273,13.293595238342366
2509,2014,4,15,13,30,281,262,19,3.2735848426818848,21.878900146484398,17.690645275716705
2510,2014,4,15,14,30,705,405,344,3.4835910797119136,21.557122802734398,29.322089327497807
2511,2014,4,15,15,30,580,336,332,3.5785830020904537,20.388024902343773,42.5882959387254
2512,2014,4,15,16,30,416,241,316,3.630625486373901,18.500695800781273,56.286921787523184
2513,2014,4,15,17,30,231,135,280,3.696099758148194,16.005853271484398,70.08402315880704
2514,2014,4,15,18,30,59,59,0,3.5878491401672363,13.50689086914065,83.81770528722734
2515,2014,4,15,19,30,0,0,0,3.326829433441162,11.7319274902344,97.35253485715808
2516,2014,4,15,20,30,0,0,0,3.0399489402771,10.54839477539065,110.50122711609293
2517,2014,4,15,21,30,0,0,0,2.721898078918457,9.5831237792969,122.95184482255272
2518,2014,4,15,22,30,0,0,0,2.4626445770263667,8.763269042968773,134.09777802995606
2519,2014,4,15,23,30,0,0,0,2.265002012252808,8.075006103515648,142.72325029527119
2520,2014,4,16,0,30,0,0,0,2.1171562671661377,7.550988769531273,146.78591391634032
2521,2014,4,16,1,30,0,0,0,1.9605977535247805,7.384301757812523,144.6691086514627
2522,2014,4,16,2,30,0,0,0,1.669843673706055,7.636865234375023,137.28399662229862
2523,2014,4,16,3,30,0,0,0,1.3106242418289185,7.933740234375023,126.78791058637016
2524,2014,4,16,4,30,0,0,0,1.1123816967010498,7.918450927734398,114.67525296420763
2525,2014,4,16,5,30,0,0,0,1.071878433227539,8.050378417968773,101.70933532266892
2526,2014,4,16,6,30,12,10,82,1.0717241764068604,9.903405761718775,88.27181797526006
2527,2014,4,16,7,30,218,68,565,1.1415221691131592,13.67766723632815,74.58437346393413
2528,2014,4,16,8,30,467,95,762,1.5311763286590576,17.976068115234398,60.78417436930675
2529,2014,4,16,9,30,697,112,857,2.093843936920166,22.123559570312523,47.013502865252335
2530,2014,4,16,10,30,881,123,908,2.429206371307373,25.770684814453148,33.509292256249616
2531,2014,4,16,11,30,1002,130,934,2.556887626647949,28.462335205078148,20.986883094864094
2532,2014,4,16,12,30,1050,132,941,2.6855461597442627,29.42537841796877,12.934067016074508
2533,2014,4,16,13,30,1021,131,932,3.039884090423584,28.810174560546894,17.4625112666521
2534,2014,4,16,14,30,898,173,830,3.5351247787475586,27.306542968750023,29.197575517064692
2535,2014,4,16,15,30,734,147,795,4.008683204650879,24.958123779296894,42.50248686245367
2536,2014,4,16,16,30,523,117,730,4.4685797691345215,22.740136718750023,56.21407102446804
2537,2014,4,16,17,30,288,85,593,4.749563694000244,20.019006347656273,70.01132461282701
2538,2014,4,16,18,30,73,73,0,4.659102916717528,16.711267089843773,83.73646727816724
2539,2014,4,16,19,30,0,0,0,4.2044925689697275,14.595910644531275,97.25471566845114
2540,2014,4,16,20,30,0,0,0,3.575292587280273,13.4886413574219,110.37746155274044
2541,2014,4,16,21,30,0,0,0,2.969761371612549,12.855676269531275,122.78954971371256
2542,2014,4,16,22,30,0,0,0,2.486068725585937,12.601159667968775,133.88006778006564
2543,2014,4,16,23,30,0,0,0,2.1669659614562993,12.5585876464844,142.43436078905148
2544,2014,4,17,0,30,0,0,0,1.9861702919006348,12.544091796875026,146.43748381952838
2545,2014,4,17,1,30,0,0,0,1.8283662796020508,12.46148071289065,144.31768598980983
2546,2014,4,17,2,30,0,0,0,1.6028704643249512,12.382714843750026,136.97272394595169
2547,2014,4,17,3,30,0,0,0,1.3729722499847412,12.349023437500026,126.52087652818425
2548,2014,4,17,4,30,0,0,0,1.2678158283233645,12.2637878417969,114.44295057108187
2549,2014,4,17,5,30,0,0,0,1.3272359371185305,12.372949218750026,101.50194545041235
2550,2014,4,17,6,30,10,9,27,1.4261044263839722,14.096887207031275,88.08147307277237
2551,2014,4,17,7,30,157,107,184,1.587939739227295,17.919183349609398,74.40398381452293
2552,2014,4,17,8,30,289,224,133,1.8598308563232424,22.478692626953148,60.606825527073916
2553,2014,4,17,9,30,551,297,371,2.0049829483032227,26.463037109375023,46.82982539810077
2554,2014,4,17,10,30,713,336,451,1.9527316093444824,29.31771240234377,33.30267544383697
2555,2014,4,17,11,30,812,386,456,1.8501653671264648,30.961846923828148,20.72047168490701
2556,2014,4,17,12,30,853,407,456,1.7305654287338257,31.202508544921894,12.577617536090784
2557,2014,4,17,13,30,831,392,459,1.6625204086303709,30.621362304687523,17.239667332090434
2558,2014,4,17,14,30,400,366,38,1.7511537075042725,29.767083740234398,29.07652080947315
2559,2014,4,17,15,30,329,302,35,1.9268094301223757,28.882135009765648,42.418544945625655
2560,2014,4,17,16,30,236,219,29,2.098223924636841,27.420068359375023,56.142102522926216
2561,2014,4,17,17,30,131,127,11,2.5030834674835205,24.623529052734398,69.938854893225
2562,2014,4,17,18,30,34,34,0,3.1923131942749023,21.158593750000023,83.65499341860955
2563,2014,4,17,19,30,0,0,0,3.5477788448333736,18.110833740234398,97.15632532829164
2564,2014,4,17,20,30,0,0,0,3.4388239383697514,16.018457031250026,110.25291404973132
2565,2014,4,17,21,30,0,0,0,3.1799874305725098,15.3397155761719,122.62645573967873
2566,2014,4,17,22,30,0,0,0,2.979954719543457,15.77776489257815,133.66195248974842
2567,2014,4,17,23,30,0,0,0,2.7915773391723637,15.8171325683594,142.14627002248963
2568,2014,4,18,0,30,0,0,0,2.4539639949798584,15.273095703125026,146.0916276309644
2569,2014,4,18,1,30,0,0,0,2.222430229187012,15.1157165527344,143.96943474522357
2570,2014,4,18,2,30,0,0,0,2.136664867401123,15.2883239746094,136.6641826681762
2571,2014,4,18,3,30,0,0,0,1.9675716161727903,15.169885253906275,126.25625514964837
2572,2014,4,18,4,30,0,0,0,1.7713637351989746,14.935998535156275,114.21302229740229
2573,2014,4,18,5,30,0,0,0,1.6802247762680054,15.01445922851565,101.29706482013364
2574,2014,4,18,6,30,15,11,101,1.7161715030670166,15.581079101562526,87.89387295463564
2575,2014,4,18,7,30,219,68,556,1.786112666130066,16.896478271484398,74.22669160365079
2576,2014,4,18,8,30,463,95,746,1.85992431640625,18.696069335937523,60.43303524205214
2577,2014,4,18,9,30,687,111,839,1.989010214805603,20.390924072265648,46.6503399666117
2578,2014,4,18,10,30,867,122,889,2.161051750183105,21.893884277343773,33.101121606822105
2579,2014,4,18,11,30,986,129,915,2.3759026527404785,22.661370849609398,20.459839156367593
2580,2014,4,18,12,30,1034,131,923,2.601710319519043,22.406823730468773,12.224351048173704
2581,2014,4,18,13,30,1008,130,917,2.83505916595459,21.658776855468773,17.02216311659869
2582,2014,4,18,14,30,545,433,128,3.107544422149658,20.879296875000023,28.958860345789915
2583,2014,4,18,15,30,448,356,124,3.4024858474731445,20.224542236328148,42.33640299005593
2584,2014,4,18,16,30,321,255,118,3.586321353912353,19.348931884765648,56.070962944687565
2585,2014,4,18,17,30,178,143,99,3.5324149131774902,17.976312255859398,69.86657679706317
2586,2014,4,18,18,30,46,46,0,3.1802992820739746,16.489129638671898,83.57326405852598
2587,2014,4,18,19,30,0,0,0,2.8564095497131348,15.686059570312526,97.0573643936895
2588,2014,4,18,20,30,0,0,0,2.8499660491943364,15.669213867187526,110.12761009663271
2589,2014,4,18,21,30,0,0,0,2.838641166687012,15.540307617187526,122.4626203948203
2590,2014,4,18,22,30,0,0,0,2.612776756286621,14.9365173339844,133.4435278183468
2591,2014,4,18,23,30,0,0,0,2.467298984527588,14.638818359375026,141.85909938669838
2592,2014,4,19,0,30,0,0,0,2.5412883758544917,14.7475524902344,145.7484520129023
2593,2014,4,19,1,30,0,0,0,2.548233985900879,14.631188964843775,143.6244619474065
2594,2014,4,19,2,30,0,0,0,2.2859911918640137,14.279931640625026,136.35849753546162
2595,2014,4,19,3,30,0,0,0,1.9777175188064573,14.07915649414065,125.9941706632932
2596,2014,4,19,4,30,0,0,0,1.816456913948059,14.0967956542969,113.9855821294085
2597,2014,4,19,5,30,0,0,0,1.713280200958252,14.150415039062526,101.0947954817585
2598,2014,4,19,6,30,6,6,0,1.6875040531158447,14.56731567382815,87.7091095233983
2599,2014,4,19,7,30,81,81,0,1.8575043678283687,15.947473144531275,74.0525780079558
2600,2014,4,19,8,30,311,225,175,2.078552722930908,18.144677734375023,60.26287730178899
2601,2014,4,19,9,30,528,308,319,2.1384706497192383,20.554681396484398,46.47511826208805
2602,2014,4,19,10,30,381,348,39,2.1550970077514653,22.227319335937523,32.90471738626149
2603,2014,4,19,11,30,433,394,41,2.227097988128662,22.672052001953148,20.20514585696252
2604,2014,4,19,12,30,454,413,42,2.2758679389953613,22.444421386718773,11.874371866737475
2605,2014,4,19,13,30,443,403,41,2.311516284942627,22.077600097656273,16.810040923975222
2606,2014,4,19,14,30,412,374,43,2.4227313995361333,21.534814453125023,28.844525524047555
2607,2014,4,19,15,30,339,309,40,2.616934061050415,20.579553222656273,42.25599306149903
2608,2014,4,19,16,30,243,224,34,2.8587567806243896,19.481347656250023,56.00059951332789
2609,2014,4,19,17,30,135,129,16,3.0341334342956543,18.372216796875023,69.794454413367
2610,2014,4,19,18,30,35,35,0,3.035863876342773,17.199273681640648,83.49126134500928
2611,2014,4,19,19,30,0,0,0,2.9107372760772705,16.398309326171898,96.95783559911284
2612,2014,4,19,20,30,0,0,0,2.8248791694641118,16.164483642578148,110.00157759563876
2613,2014,4,19,21,30,0,0,0,2.7806200981140137,16.048120117187526,122.2981035062035
2614,2014,4,19,22,30,0,0,0,2.6464614868164062,15.838220214843775,133.2248909412445
2615,2014,4,19,23,30,0,0,0,2.543177843093872,15.77410278320315,141.5729701346513
2616,2014,4,20,0,30,0,0,0,2.5389137268066406,15.817041015625026,145.40806301060974
2617,2014,4,20,1,30,0,0,0,2.518035411834717,15.74382934570315,143.28287339951294
2618,2014,4,20,2,30,0,0,0,2.3705997467041016,15.60479125976565,136.05579110731557
2619,2014,4,20,3,30,0,0,0,2.1194732189178467,15.5366149902344,125.73474500770521
2620,2014,4,20,4,30,0,0,0,1.8806273937225344,15.5253845214844,113.76074179948168
2621,2014,4,20,5,30,0,0,0,1.6630997657775881,15.559960937500026,100.8952371190427
2622,2014,4,20,6,30,10,10,0,1.5617899894714355,16.079644775390648,87.52727196414375
2623,2014,4,20,7,30,120,106,52,1.6263854503631592,17.255975341796898,73.88172121228159
2624,2014,4,20,8,30,367,207,320,1.6126904487609863,18.921838378906273,60.09642194400101
2625,2014,4,20,9,30,552,291,377,1.4869487285614014,20.717431640625023,46.30422757188533
2626,2014,4,20,10,30,746,313,515,1.395336389541626,22.297265625000023,32.71354378497835
2627,2014,4,20,11,30,839,369,499,1.3882081508636477,22.945184326171894,19.956547861309247
2628,2014,4,20,12,30,914,405,519,1.511809229850769,22.918908691406273,11.527784472067168
2629,2014,4,20,13,30,903,377,548,1.8022043704986568,22.77718505859377,16.603335400616313
2630,2014,4,20,14,30,689,401,328,2.227321147918701,22.189538574218773,28.733444190238252
2631,2014,4,20,15,30,537,348,254,2.600746393203736,21.315423583984398,42.177246642621796
2632,2014,4,20,16,30,322,256,118,2.7961912155151367,20.132409667968773,55.93096012189954
2633,2014,4,20,17,30,189,145,125,2.77225923538208,18.738000488281273,69.72245319917225
2634,2014,4,20,18,30,32,32,0,2.6387033462524414,17.594506835937523,83.40896927212839
2635,2014,4,20,19,30,0,0,0,2.528254985809326,17.087518310546898,96.85774387856964
2636,2014,4,20,20,30,0,0,0,2.534416675567627,17.052331542968773,109.87484684943136
2637,2014,4,20,21,30,0,0,0,2.604926347732544,17.091546630859398,122.1329671782955
2638,2014,4,20,22,30,0,0,0,2.5174098014831543,16.906457519531273,133.00614045873925
2639,2014,4,20,23,30,0,0,0,2.270911455154419,16.576379394531273,141.28800332097038
2640,2014,4,21,0,30,0,0,0,2.11876916885376,16.494470214843773,145.07056602455702
2641,2014,4,21,1,30,0,0,0,2.1035852432250977,16.581597900390648,142.94477366757926
2642,2014,4,21,2,30,0,0,0,1.9657602310180664,16.399591064453148,135.7561837533914
2643,2014,4,21,3,30,0,0,0,1.7427716255187988,16.207208251953148,125.47809781376392
2644,2014,4,21,4,30,0,0,0,1.5034742355346682,16.238000488281273,113.53861073387371
2645,2014,4,21,5,30,0,0,0,1.2202293872833252,16.256707763671898,100.69848699010392
2646,2014,4,21,6,30,20,14,132,1.045414686203003,16.835412597656273,87.34844668870196
2647,2014,4,21,7,30,228,69,567,1.0415883064270022,18.597467041015648,73.71419634498827
2648,2014,4,21,8,30,472,95,752,1.1493732929229736,21.073663330078148,59.93373578436263
2649,2014,4,21,9,30,696,112,843,1.2702006101608276,23.500054931640648,46.137730680303534
2650,2014,4,21,10,30,876,123,893,1.4578008651733398,25.023797607421894,32.52767596166073
2651,2014,4,21,11,30,995,129,919,1.8086588382720947,25.09676513671877,19.714196412720586
2652,2014,4,21,12,30,1044,132,929,2.2385380268096924,24.307641601562523,11.18469362660339
2653,2014,4,21,13,30,1017,131,924,2.6514968872070312,23.387109375000023,16.40207323343526
2654,2014,4,21,14,30,919,126,902,2.9838404655456543,22.436181640625023,28.625540838580235
2655,2014,4,21,15,30,435,355,107,3.217230319976806,21.253228759765648,42.100094785924455
2656,2014,4,21,16,30,509,145,647,3.319718360900879,19.870690917968773,55.86199343904553
2657,2014,4,21,17,30,230,137,268,3.2195968627929688,18.490045166015648,69.65054005368117
2658,2014,4,21,18,30,26,26,0,2.8967800140380864,17.202844238281273,83.32637372790849
2659,2014,4,21,19,30,0,0,0,2.6006855964660645,16.712731933593773,96.75709638447171
2660,2014,4,21,20,30,0,0,0,2.3555731773376465,16.955010986328148,109.74745054569206
2661,2014,4,21,21,30,0,0,0,1.9588706493377688,16.959924316406273,121.96727573507448
2662,2014,4,21,22,30,0,0,0,1.4467750787734983,16.792321777343773,132.78737630508067
2663,2014,4,21,23,30,0,0,0,0.975984275341034,16.846124267578148,141.0043197434437
2664,2014,4,22,0,30,0,0,0,0.6232578158378601,16.943963623046898,144.73606578213762
2665,2014,4,22,1,30,0,0,0,0.3845449686050415,16.876580810546898,142.61026606831953
2666,2014,4,22,2,30,0,0,0,0.3739699423313141,16.715020751953148,135.45979364967468
2667,2014,4,22,3,30,0,0,0,0.6438909769058228,16.597955322265648,125.22434637195795
2668,2014,4,22,4,30,0,0,0,1.0805542469024658,16.577600097656273,113.31929600212744
2669,2014,4,22,5,30,0,0,0,1.466087818145752,16.619042968750026,100.50463986990563
2670,2014,4,22,6,30,10,10,0,1.7891314029693604,17.082635498046898,87.17271728244057
2671,2014,4,22,7,30,103,98,17,2.0018463134765625,18.360467529296894,73.55007541628828
2672,2014,4,22,8,30,322,227,188,1.903241276741028,20.005914306640648,59.77488174842455
2673,2014,4,22,9,30,696,112,840,1.5405519008636477,22.141015625000023,45.97568577599698
2674,2014,4,22,10,30,877,123,892,1.0667183399200442,24.38118896484377,32.34718303376896
2675,2014,4,22,11,30,997,129,920,0.5983474850654602,25.809747314453148,19.478237337419145
2676,2014,4,22,12,30,1048,132,932,0.6533801555633545,26.512261962890648,10.845204508579288
2677,2014,4,22,13,30,1022,131,928,1.3846497535705566,26.497308349609398,16.206272865632442
2678,2014,4,22,14,30,922,126,906,2.3786840438842773,25.598748779296894,28.520736820130548
2679,2014,4,22,15,30,757,117,861,3.346592426300049,23.873559570312523,42.024468266095795
2680,2014,4,22,16,30,210,201,16,3.94362735748291,21.968896484375023,55.793649013031825
2681,2014,4,22,17,30,172,144,79,3.933664798736572,20.146386718750023,69.57868338972646
2682,2014,4,22,18,30,43,43,0,3.5198235511779785,18.435998535156273,83.24346253886509
2683,2014,4,22,19,30,0,0,0,3.06303071975708,17.424279785156273,96.65590250359377
2684,2014,4,22,20,30,0,0,0,2.8096957206726074,17.249627685546898,109.61942373862888
2685,2014,4,22,21,30,0,0,0,2.6547980308532715,17.162194824218773,121.80109566010245
2686,2014,4,22,22,30,0,0,0,2.3412060737609863,16.812280273437526,132.56869965813164
2687,2014,4,22,23,30,0,0,0,2.0636911392211914,16.493676757812526,140.72203988623193
2688,2014,4,23,0,30,0,0,0,2.022463321685791,16.440393066406273,144.40466630891046
2689,2014,4,23,1,30,0,0,0,2.090292692184448,16.406640625000026,142.27945265524502
2690,2014,4,23,2,30,0,0,0,2.093658924102783,16.165124511718773,135.1667367735323
2691,2014,4,23,3,30,0,0,0,2.0266985893249507,15.89959106445315,124.97360560027698
2692,2014,4,23,4,30,0,0,0,1.9509636163711548,15.7506042480469,113.10290226779283
2693,2014,4,23,5,30,0,0,0,1.890412449836731,15.688806152343775,100.3137879943703
2694,2014,4,23,6,30,24,16,150,1.7901198863983154,16.604882812500026,87.00016445326828
2695,2014,4,23,7,30,233,70,572,1.7596082687377932,19.396752929687523,73.38942725929479
2696,2014,4,23,8,30,477,96,754,1.9461159706115725,22.90853271484377,59.61991900775176
2697,2014,4,23,9,30,702,112,846,2.1546967029571533,26.069635009765648,45.81814636593791
2698,2014,4,23,10,30,883,123,897,2.2518906593322754,28.46737060546877,32.17212789022613
2699,2014,4,23,11,30,1004,130,925,2.3019275665283203,29.771844482421894,19.2488104334486
2700,2014,4,23,12,30,1053,132,936,2.379186153411865,30.255487060546894,10.509422865427707
2701,2014,4,23,13,30,1026,131,931,2.6175923347473145,29.951867675781273,16.01594423447844
2702,2014,4,23,14,30,926,126,908,3.053680419921875,28.631646728515648,28.418950559052924
2703,2014,4,23,15,30,410,348,83,3.5988149642944336,26.419976806640648,41.95029773193843
2704,2014,4,23,16,30,375,258,208,4.109364986419679,23.639886474609398,55.725877374154614
2705,2014,4,23,17,30,295,89,590,4.381874084472656,20.711999511718773,69.50685320310264
2706,2014,4,23,18,30,82,46,302,4.228137969970703,18.448358154296894,83.16022551149644
2707,2014,4,23,19,30,0,0,0,3.932331562042236,17.375665283203148,96.55417386982971
2708,2014,4,23,20,30,0,0,0,3.479411602020264,17.003961181640648,109.49080382740112
2709,2014,4,23,21,30,0,0,0,2.9504287242889404,16.928704833984398,121.63449553429652
2710,2014,4,23,22,30,0,0,0,2.667111873626709,17.020166015625026,132.35021284949056
2711,2014,4,23,23,30,0,0,0,2.384872913360596,16.960809326171898,140.44128386459437
2712,2014,4,24,0,30,0,0,0,2.0692949295043945,16.760034179687526,144.07647089938638
2713,2014,4,24,1,30,0,0,0,1.8854182958602903,16.700097656250026,141.9524342032999
2714,2014,4,24,2,30,0,0,0,1.8752374649047847,16.571405029296898,134.8771268978052
2715,2014,4,24,3,30,0,0,0,2.156911611557007,15.996545410156275,124.72598801304024
2716,2014,4,24,4,30,0,0,0,2.779649257659912,15.3438659667969,112.88953174066476
2717,2014,4,24,5,30,0,0,0,3.3988573551177983,15.0556579589844,100.12602100640913
2718,2014,4,24,6,30,27,18,168,3.6722533702850337,15.799462890625026,86.83086598318722
2719,2014,4,24,7,30,244,71,596,3.604549407958984,18.081536865234398,73.23231747441886
2720,2014,4,24,8,30,493,97,778,3.5790648460388184,21.820581054687523,59.46890292062422
2721,2014,4,24,9,30,720,113,868,3.7207164764404297,26.295281982421894,45.665161196670894
2722,2014,4,24,10,30,902,124,917,3.725348949432373,30.134698486328148,32.00256701570309
2723,2014,4,24,11,30,1022,131,942,3.4800748825073238,32.540307617187516,19.026048837978013
2724,2014,4,24,12,30,1070,133,951,3.131270408630371,33.80632934570315,10.177455190045123
2725,2014,4,24,13,30,1041,132,944,2.756402969360352,34.255090332031266,15.831088534804792
2726,2014,4,24,14,30,938,127,921,2.346463680267334,33.980493164062516,28.32009777576933
2727,2014,4,24,15,30,372,331,54,2.0209343433380127,33.005334472656266,41.877513857089255
2728,2014,4,24,16,30,267,239,49,2.3028268814086914,31.262719726562523,55.658630134760145
2729,2014,4,24,17,30,269,119,425,3.110735416412353,28.362969970703148,69.43502113924208
2730,2014,4,24,18,30,80,48,265,3.7343590259552,24.944543457031273,83.07665447113142
2731,2014,4,24,19,30,0,0,0,3.8245019912719727,22.248559570312523,96.45192437391731
2732,2014,4,24,20,30,0,0,0,3.438931941986084,20.030633544921894,109.36163053146959
2733,2014,4,24,21,30,0,0,0,2.7860922813415527,18.368371582031273,121.46754597192823
2734,2014,4,24,22,30,0,0,0,2.00264573097229,17.764306640625023,132.13201927523622
2735,2014,4,24,23,30,0,0,0,1.3944854736328125,17.828851318359398,140.1621713710387
2736,2014,4,25,0,30,0,0,0,1.0802046060562134,17.634912109375023,143.75158208732162
2737,2014,4,25,1,30,0,0,0,0.9214369654655457,17.076074218750026,141.62931019201687
2738,2014,4,25,2,30,0,0,0,0.7742135524749756,16.534631347656273,134.59107558378352
2739,2014,4,25,3,30,0,0,0,0.6108213663101196,16.237634277343773,124.4816036902668
2740,2014,4,25,4,30,0,0,0,0.48808753490448,16.312707519531273,112.67928413040606
2741,2014,4,25,5,30,0,0,0,0.35097432136535645,16.508843994140648,99.94142590374194
2742,2014,4,25,6,30,28,18,170,0.15804485976696014,17.296960449218773,86.66489668213079
2743,2014,4,25,7,30,240,71,581,0.3098282814025879,19.699395751953148,73.07880837687333
2744,2014,4,25,8,30,483,96,757,0.8608627915382385,22.846917724609398,59.32188497753361
2745,2014,4,25,9,30,704,112,844,1.2313079833984375,25.025872802734398,45.51677418323746
2746,2014,4,25,10,30,881,123,892,1.3364341259002686,26.11409912109377,31.838550327526807
2747,2014,4,25,11,30,999,129,918,1.4411499500274658,26.74178466796877,18.810078376905594
2748,2014,4,25,12,30,1047,132,929,1.7354178428649902,27.144555664062523,9.849408923250737
2749,2014,4,25,13,30,1022,131,924,2.323883295059204,27.184381103515648,15.651698012129726
2750,2014,4,25,14,30,922,126,903,3.030808925628662,26.569299316406273,28.224091716221963
2751,2014,4,25,15,30,249,238,15,3.5771498680114746,25.096917724609398,41.80604748970428
2752,2014,4,25,16,30,358,260,172,3.8344848155975337,23.134515380859398,55.59186008731203
2753,2014,4,25,17,30,156,141,44,3.6566224098205566,21.062402343750023,69.36316055752506
2754,2014,4,25,18,30,74,50,197,3.0999681949615483,19.221002197265648,82.99274329788815
2755,2014,4,25,19,30,0,0,0,2.534428119659424,18.054162597656273,96.3491701701203
2756,2014,4,25,20,30,0,0,0,2.195946216583252,17.385400390625026,109.23194586306428
2757,2014,4,25,21,30,0,0,0,2.0818300247192383,16.898248291015648,121.30031955462448
2758,2014,4,25,22,30,0,0,0,2.0735864639282227,16.833062744140648,131.91422330753608
2759,2014,4,25,23,30,0,0,0,2.0210509300231934,16.933892822265648,139.88482162290742
2760,2014,4,26,0,30,0,0,0,1.9582529067993164,16.794915771484398,143.4301016155225
2761,2014,4,26,1,30,0,0,0,1.958824157714844,16.629022216796898,141.31017878730057
2762,2014,4,26,2,30,0,0,0,1.9022066593170168,16.568597412109398,134.30869217317172
2763,2014,4,26,3,30,0,0,0,1.7679700851440432,16.562738037109398,124.2405602477053
2764,2014,4,26,4,30,0,0,0,1.7016853094100952,16.483941650390648,112.47225660158871
2765,2014,4,26,5,30,0,0,0,1.7563135623931885,16.423303222656273,99.76008698858108
2766,2014,4,26,6,30,30,19,178,1.8158661127090452,17.275476074218773,86.50232834423771
2767,2014,4,26,7,30,243,71,584,1.7946808338165283,19.966394042968773,72.92895894760161
2768,2014,4,26,8,30,486,96,760,2.002225399017334,23.936914062500023,59.17891275161867
2769,2014,4,26,9,30,709,113,849,2.385018348693848,27.900811767578148,45.37302434625291
2770,2014,4,26,10,30,887,123,897,2.562494993209839,30.95076904296877,31.68012102688652
2771,2014,4,26,11,30,1004,129,923,2.550931692123413,32.919519042968766,18.601016901568233
2772,2014,4,26,12,30,1051,132,931,2.4798383712768555,34.09612426757815,9.525392686527796
2773,2014,4,26,13,30,1022,131,925,2.379013538360596,34.62151489257815,15.47775578915271
2774,2014,4,26,14,30,654,429,255,2.2349448204040527,34.433129882812516,28.13084338631299
2775,2014,4,26,15,30,756,117,856,2.2512853145599365,33.1876159667969,41.735829800590295
2776,2014,4,26,16,30,443,226,383,2.5674357414245605,30.590753173828148,55.525521300131274
2777,2014,4,26,17,30,299,85,603,2.97578763961792,26.979058837890648,69.29124659288662
2778,2014,4,26,18,30,73,50,185,3.2625703811645512,23.613397216796894,82.90848795980733
2779,2014,4,26,19,30,0,0,0,3.2136318683624268,21.629968261718773,96.24592967982171
2780,2014,4,26,20,30,0,0,0,2.90547776222229,20.795404052734398,109.101794096729
2781,2014,4,26,21,30,0,0,0,2.7443675994873047,20.460870361328148,121.13289076371728
2782,2014,4,26,22,30,0,0,0,2.8970048427581787,20.459222412109398,131.69693020681117
2783,2014,4,26,23,30,0,0,0,3.3927316665649414,20.444573974609398,139.60935331110426
2784,2014,4,27,0,30,0,0,0,4.0562353134155265,19.862145996093773,143.11213040524964
2785,2014,4,27,1,30,0,0,0,4.563711166381836,18.780633544921894,140.9951368219101
2786,2014,4,27,2,30,0,0,0,4.752423286437988,17.731011962890648,134.03008377904956
2787,2014,4,27,3,30,0,0,0,4.704195022583008,16.907891845703148,124.00296280749201
2788,2014,4,27,4,30,0,0,0,4.600278377532959,16.265191650390648,112.26854373008757
2789,2014,4,27,5,30,0,0,0,4.528929233551025,15.9849792480469,99.58208581922592
2790,2014,4,27,6,30,33,20,195,4.3877620697021475,17.035028076171898,86.34322970651233
2791,2014,4,27,7,30,252,72,605,4.094932556152344,19.947839355468773,72.78282478769094
2792,2014,4,27,8,30,500,98,782,4.205336093902588,23.965997314453148,59.0400298543304
2793,2014,4,27,9,30,726,114,869,4.641268730163574,27.72884521484377,45.23394575743346
2794,2014,4,27,10,30,907,124,917,4.851323127746582,30.270471191406273,31.5273154655003
2795,2014,4,27,11,30,1025,131,942,4.909322738647461,31.930596923828148,18.398973618424574
2796,2014,4,27,12,30,1072,133,950,4.826401710510254,33.10100708007815,9.205516549664537
2797,2014,4,27,13,30,1044,132,945,4.607431411743164,33.781701660156266,15.309235729479994
2798,2014,4,27,14,30,944,127,925,4.249889373779297,33.870080566406266,28.040261790878162
2799,2014,4,27,15,30,780,118,885,3.763320446014404,33.3242126464844,41.66679242957609
2800,2014,4,27,16,30,565,104,813,3.224647760391236,32.130334472656266,55.45956921069001
2801,2014,4,27,17,30,322,81,678,2.477294445037842,29.709252929687523,69.2192562148993
2802,2014,4,27,18,30,92,48,346,1.968511819839477,26.747552490234398,82.82388654306695
2803,2014,4,27,19,30,0,0,0,2.203591108322144,24.770288085937523,96.14222359207292
2804,2014,4,27,20,30,0,0,0,2.843052387237549,23.413049316406273,108.97122173605705
2805,2014,4,27,21,30,0,0,0,3.5730717182159424,21.994256591796894,120.96533591091685
2806,2014,4,27,22,30,0,0,0,4.214893341064453,20.661004638671894,131.48024603486215
2807,2014,4,27,23,30,0,0,0,4.697854995727539,19.527734375000023,139.3358845500068
2808,2014,4,28,0,30,0,0,0,5.04155158996582,18.725976562500023,142.79776852506114
2809,2014,4,28,1,30,0,0,0,5.2806925773620605,18.255578613281273,140.68427977472751
2810,2014,4,28,2,30,0,0,0,5.391796112060547,17.925164794921898,133.7553552758098
2811,2014,4,28,3,30,0,0,0,5.373468399047852,17.628533935546898,123.7689139693534
2812,2014,4,28,4,30,0,0,0,5.284534931182861,17.347985839843773,112.06823746100348
2813,2014,4,28,5,30,0,0,0,5.151713371276856,17.263940429687526,99.40750116370418
2814,2014,4,28,6,30,34,21,201,4.833106517791748,18.598657226562523,86.1876664099557
2815,2014,4,28,7,30,252,72,603,4.4581804275512695,22.113641357421894,72.64045807646096
2816,2014,4,28,8,30,499,97,777,4.152724266052246,26.215051269531273,58.90527589650799
2817,2014,4,28,9,30,724,114,865,3.5879340171813965,29.593408203125023,45.09956749413418
2818,2014,4,28,10,30,806,337,549,2.7089762687683105,32.34636840820315,31.380163029148875
2819,2014,4,28,11,30,882,432,473,1.7500228881835938,34.548425292968766,18.204048417824907
2820,2014,4,28,12,30,955,432,528,0.8876457214355469,36.0119567871094,8.889892338789977
2821,2014,4,28,13,30,950,366,605,0.4156628847122192,36.49459228515627,15.146102341564571
2822,2014,4,28,14,30,936,127,916,0.6067556142807007,36.03313598632815,27.952254176110763
2823,2014,4,28,15,30,770,118,871,1.320564866065979,34.834008789062516,41.59886763007972
2824,2014,4,28,16,30,554,103,794,2.3503570556640625,32.9179626464844,55.39396071650493
2825,2014,4,28,17,30,285,110,493,3.3491451740264893,29.936730957031273,69.14716828401467
2826,2014,4,28,18,30,80,50,236,3.908406019210816,26.197412109375023,82.73893927918103
2827,2014,4,28,19,30,0,0,0,3.942997455596924,23.046075439453148,96.03807486108632
2828,2014,4,28,20,30,0,0,0,3.5330615043640137,20.936059570312523,108.84027747765732
2829,2014,4,28,21,30,0,0,0,2.8602421283721924,19.538446044921894,120.79773306750141
2830,2014,4,28,22,30,0,0,0,2.236171007156372,18.688806152343773,131.26427756876896
2831,2014,4,28,23,30,0,0,0,2.0796461105346684,18.071282958984398,139.06453282839286
2832,2014,4,29,0,30,0,0,0,2.341191530227661,17.519281005859398,142.4871151592871
2833,2014,4,29,1,30,0,0,0,2.670227527618408,17.110772705078148,140.37770174888277
2834,2014,4,29,2,30,0,0,0,2.833033561706543,16.942773437500026,133.48460928823178
2835,2014,4,29,3,30,0,0,0,2.8756206035614014,16.982446289062526,123.53851378244177
2836,2014,4,29,4,30,0,0,0,3.02396821975708,17.044366455078148,111.8714270678871
2837,2014,4,29,5,30,0,0,0,3.286995887756348,17.206781005859398,99.23640895537392
2838,2014,4,29,6,30,36,22,211,3.380370140075684,18.634606933593773,86.03570096324904
2839,2014,4,29,7,30,256,73,609,3.1776697635650635,21.961663818359398,72.50190753341188
2840,2014,4,29,8,30,503,98,781,2.9797289371490483,26.252832031250023,58.7746864550776
2841,2014,4,29,9,30,728,114,867,2.6832613945007324,30.268029785156273,44.96991360315814
2842,2014,4,29,10,30,726,354,434,2.0943937301635738,33.41655883789065,31.238686039214283
2843,2014,4,29,11,30,917,406,537,1.3437739610671997,35.78792724609377,18.016331209189968
2844,2014,4,29,12,30,1072,133,949,0.5852962732315063,37.23214111328127,8.578633991130772
2845,2014,4,29,13,30,880,433,462,0.6229790449142456,37.48308715820315,14.988310726430626
2846,2014,4,29,14,30,734,386,393,1.5301871299743652,36.80120239257815,27.866726274853875
2847,2014,4,29,15,30,702,236,622,2.725442886352539,35.39986572265627,41.53198841122838
2848,2014,4,29,16,30,400,255,255,4.078928470611571,33.1639343261719,55.3286542633189
2849,2014,4,29,17,30,241,138,288,4.875079154968262,29.680932617187523,69.07496360514507
2850,2014,4,29,18,30,75,51,189,5.1822471618652335,25.884667968750023,82.65364856950319
2851,2014,4,29,19,30,0,0,0,5.20364236831665,23.424279785156273,95.93350870082395
2852,2014,4,29,20,30,0,0,0,4.704200744628906,21.901025390625023,108.70901217254608
2853,2014,4,29,21,30,0,0,0,4.053184986114502,20.672357177734398,120.63016199224406
2854,2014,4,29,22,30,0,0,0,3.497631072998047,19.728021240234398,131.0491322158257
2855,2014,4,29,23,30,0,0,0,3.0499913692474365,18.920129394531273,138.79541496142278
2856,2014,4,30,0,30,0,0,0,2.6922528743743896,18.156182861328148,142.18026857599227
2857,2014,4,30,1,30,0,0,0,2.491784811019897,17.502893066406273,140.0754954487495
2858,2014,4,30,2,30,0,0,0,2.544739246368408,17.056695556640648,133.217946179478
2859,2014,4,30,3,30,0,0,0,2.8557114601135254,16.730432128906273,123.311859717542
2860,2014,4,30,4,30,0,0,0,3.178850650787353,16.317834472656273,111.67819911342606
2861,2014,4,30,5,30,0,0,0,3.2678453922271733,15.819421386718775,99.0688822505377
2862,2014,4,30,6,30,26,21,65,3.2614252567291264,15.7388854980469,85.88739270873474
2863,2014,4,30,7,30,180,121,196,3.285709857940674,16.335778808593773,72.36721838384996
2864,2014,4,30,8,30,228,207,39,3.246532440185547,17.444635009765648,58.6482930454039
2865,2014,4,30,9,30,238,226,17,3.1457724571228027,19.031274414062523,44.84500307405805
2866,2014,4,30,10,30,434,384,58,3.0539739131927486,20.938165283203148,31.102899673240195
2867,2014,4,30,11,30,791,388,423,3.064946413040161,22.691644287109398,17.835901269905406
2868,2014,4,30,12,30,815,422,396,3.224341869354248,23.520410156250023,8.27185796389888
2869,2014,4,30,13,30,900,400,517,3.471771717071533,23.420587158203148,14.835806571668513
2870,2014,4,30,14,30,921,126,898,3.730372190475464,22.97884521484377,27.783582553838567
2871,2014,4,30,15,30,405,346,78,3.966890573501587,22.213922119140648,41.466088677975286
2872,2014,4,30,16,30,316,258,100,4.1557888984680185,20.838830566406273,55.263609930885885
2873,2014,4,30,17,30,158,143,43,4.275752544403076,18.887445068359398,69.00262497848351
2874,2014,4,30,18,30,74,52,168,4.166382789611816,16.955529785156273,82.56801900653154
2875,2014,4,30,19,30,0,0,0,3.8965911865234375,15.497094726562526,95.82855257642885
2876,2014,4,30,20,30,0,0,0,3.5539984703063965,14.35808715820315,108.57747878482455
2877,2014,4,30,21,30,0,0,0,3.063079357147217,13.321313476562526,120.46270405794138
2878,2014,4,30,22,30,0,0,0,2.5286378860473637,12.43828735351565,130.83491792929036
2879,2014,4,30,23,30,0,0,0,2.014669179916382,11.720910644531275,138.52864704342244
2880,2014,5,1,0,30,0,0,0,1.5384715795516968,11.127404785156275,141.87732609456856
2881,2014,5,1,1,30,0,0,0,1.1123024225234983,10.66582641601565,139.77775215597435
2882,2014,5,1,2,30,0,0,0,0.7812530398368835,10.39165649414065,132.95546403835257
2883,2014,5,1,3,30,0,0,0,0.7056611180305481,10.125939941406275,123.08904663999719
2884,2014,5,1,4,30,0,0,0,0.9362260103225708,9.7529235839844,111.48863741154808
2885,2014,5,1,5,30,0,0,0,1.2719557285308838,9.817407226562525,98.90499118821077
2886,2014,5,1,6,30,1,1,0,1.4919080734252932,11.6457458496094,85.74279779115874
2887,2014,5,1,7,30,8,8,0,1.603262186050415,14.960046386718775,72.23643232874831
2888,2014,5,1,8,30,22,22,0,1.7898494005203247,18.020379638671894,58.52612309974347
2889,2014,5,1,9,30,459,346,159,2.1189436912536617,20.311791992187523,44.724849822452285
2890,2014,5,1,10,30,445,392,60,2.4496173858642583,22.259820556640648,30.97281190568776
2891,2014,5,1,11,30,489,435,56,2.6837737560272217,23.687432861328148,17.662826616603766
2892,2014,5,1,12,30,679,504,176,2.8471970558166504,24.517785644531273,7.969683705957223
2893,2014,5,1,13,30,737,473,272,2.9872095584869385,24.941461181640648,14.688526194139216
2894,2014,5,1,14,30,538,438,112,3.1439485549926762,24.564324951171894,27.70272646215114
2895,2014,5,1,15,30,220,211,11,3.37343978881836,23.407952880859398,41.40110336833909
2896,2014,5,1,16,30,382,261,212,3.639374494552612,21.661828613281273,55.1987895157891
2897,2014,5,1,17,30,115,115,0,3.7792773246765137,19.379144287109398,68.9301372474384
2898,2014,5,1,18,30,92,48,330,3.638064861297608,16.934503173828148,82.48205739240224
2899,2014,5,1,19,30,0,0,0,3.401405334472656,15.02691040039065,95.72323619287485
2900,2014,5,1,20,30,0,0,0,3.2313244342803955,13.694970703125026,108.44573234791096
2901,2014,5,1,21,30,0,0,0,3.013676881790161,12.58709106445315,120.2954421767774
2902,2014,5,1,22,30,0,0,0,2.7224102020263667,11.659570312500026,130.6217431251248
2903,2014,5,1,23,30,0,0,0,2.34867000579834,10.942346191406275,138.2643444015528
2904,2014,5,2,0,30,0,0,0,1.9513201713562007,10.427575683593775,141.57838405285844
2905,2014,5,2,1,30,0,0,0,1.560305118560791,10.053552246093775,139.48456170454978
2906,2014,5,2,2,30,0,0,0,1.205174684524536,9.793786621093775,132.6972586656562
2907,2014,5,2,3,30,0,0,0,0.9735463857650756,9.6071716308594,122.87016678304859
2908,2014,5,2,4,30,0,0,0,0.9122865200042723,9.422875976562525,111.30282299106736
2909,2014,5,2,5,30,0,0,0,0.9480175971984864,9.53875122070315,98.74480295207977
2910,2014,5,2,6,30,8,8,0,0.9652307033538818,11.05559692382815,85.60196912891294
2911,2014,5,2,7,30,55,55,0,1.0445364713668823,14.059594726562526,72.1095875185986
2912,2014,5,2,8,30,371,232,264,1.2519731521606443,17.272546386718773,58.408199951619814
2913,2014,5,2,9,30,453,347,148,1.4690310955047607,20.050714111328148,44.60946268339482
2914,2014,5,2,10,30,326,305,24,1.6741800308227541,22.119714355468773,30.848423469816012
2915,2014,5,2,11,30,801,396,424,1.9276074171066284,23.428674316406273,17.497163407232822
2916,2014,5,2,12,30,695,502,195,2.328305721282959,24.009820556640648,7.672234202308361
2917,2014,5,2,13,30,749,463,295,2.9466648101806636,23.544183349609398,14.54639663301154
2918,2014,5,2,14,30,924,126,900,3.6112122535705566,22.336907958984398,27.62406068000189
2919,2014,5,2,15,30,760,117,856,4.072363376617432,20.892297363281273,41.3369685880969
2920,2014,5,2,16,30,422,245,309,4.289640426635741,19.348687744140648,55.13415661157408
2921,2014,5,2,17,30,313,80,643,4.1826210021972665,17.641259765625023,68.8574873436919
2922,2014,5,2,18,30,39,39,0,3.845719575881958,15.9565368652344,82.39577275426147
2923,2014,5,2,19,30,0,0,0,3.4888787269592285,14.72100219726565,95.61759148047062
2924,2014,5,2,20,30,0,0,0,3.0338919162750244,13.8508239746094,108.31382991826042
2925,2014,5,2,21,30,0,0,0,2.5144004821777344,13.225244140625026,120.12846072473076
2926,2014,5,2,22,30,0,0,0,1.990675687789917,12.7519470214844,130.40971659971814
2927,2014,5,2,23,30,0,0,0,1.4800777435302734,12.37444458007815,138.0026215500798
2928,2014,5,3,0,30,0,0,0,1.119971752166748,12.05230102539065,141.28353777387483
2929,2014,5,3,1,30,0,0,0,1.0094869136810305,11.730371093750026,139.19601245502724
2930,2014,5,3,2,30,0,0,0,1.0358412265777588,11.56548461914065,132.44342355979643
2931,2014,5,3,3,30,0,0,0,1.0919992923736572,11.504296875000026,122.65530972182924
2932,2014,5,3,4,30,0,0,0,1.233729600906372,11.386865234375026,111.1208340607362
2933,2014,5,3,5,30,0,0,0,1.471717357635498,11.422937011718775,98.58838173469894
2934,2014,5,3,6,30,6,6,0,1.677476167678833,12.16399536132815,85.46495638800367
2935,2014,5,3,7,30,38,38,0,1.6953003406524658,14.038903808593775,71.98671853160961
2936,2014,5,3,8,30,117,117,0,1.4134035110473633,17.230065917968773,58.294542826582244
2937,2014,5,3,9,30,277,260,23,0.8865783810615541,21.110589599609398,44.49884541514259
2938,2014,5,3,10,30,598,431,193,0.3535377383232117,24.554437255859398,30.72972784117972
2939,2014,5,3,11,30,709,477,242,0.38553002476692205,26.952996826171894,17.33895538278179
2940,2014,5,3,12,30,741,498,245,0.9722696542739868,28.26302490234377,7.379636603068718
2941,2014,5,3,13,30,678,494,189,1.637671709060669,28.620477294921894,14.409335794474288
2942,2014,5,3,14,30,938,127,914,2.3097424507141118,27.93685302734377,27.547487367166468
2943,2014,5,3,15,30,773,118,871,2.887740135192871,26.417596435546894,41.27362174250114
2944,2014,5,3,16,30,560,104,796,3.440216541290283,24.385247802734398,55.06967668597265
2945,2014,5,3,17,30,321,81,661,3.9223456382751465,21.939935302734398,68.78466432934994
2946,2014,5,3,18,30,95,49,342,4.004021167755127,19.482873535156273,82.30917635682022
2947,2014,5,3,19,30,0,0,0,3.838438510894776,17.601556396484398,95.5116525777022
2948,2014,5,3,20,30,0,0,0,3.6493129730224614,16.093560791015648,108.1818305268944
2949,2014,5,3,21,30,0,0,0,3.3365955352783203,14.6278015136719,119.96184546499127
2950,2014,5,3,22,30,0,0,0,2.91784930229187,13.312036132812526,130.19894744867102
2951,2014,5,3,23,30,0,0,0,2.443966627120972,12.20000610351565,137.74359214551643
2952,2014,5,4,0,30,0,0,0,2.006080150604248,11.3045593261719,140.99288153219
2953,2014,5,4,1,30,0,0,0,1.7051122188568115,10.626855468750025,138.91219126787664
2954,2014,5,4,2,30,0,0,0,1.5382852554321291,10.46782836914065,132.19404990161087
2955,2014,5,4,3,30,0,0,0,1.4599151611328125,10.816918945312525,122.4445623477835
2956,2014,5,4,4,30,0,0,0,1.5026993751525881,11.1911560058594,110.94274597577039
2957,2014,5,4,5,30,0,0,0,1.5933122634887695,11.502404785156275,98.43578870373906
2958,2014,5,4,6,30,45,25,246,1.6534104347229004,12.754052734375026,85.33180595855691
2959,2014,5,4,7,30,267,75,618,1.6682428121566772,15.74334106445315,71.86785635606076
2960,2014,5,4,8,30,511,99,781,1.6524474620819092,19.521966552734398,58.18516683908564
2961,2014,5,4,9,30,733,114,865,1.65062415599823,22.997583007812523,44.392996713216284
2962,2014,5,4,10,30,909,125,911,1.630744695663452,25.970819091796894,30.616711243524147
2963,2014,5,4,11,30,1023,131,933,1.6208784580230713,28.26864013671877,17.188233357685288
2964,2014,5,4,12,30,1065,133,939,1.7192854881286619,29.558038330078148,7.092022950410082
2965,2014,5,4,13,30,1033,132,929,1.9703075885772705,29.629418945312523,14.277252648905758
2966,2014,5,4,14,30,930,127,905,2.379307508468628,28.711968994140648,27.47290841055912
2967,2014,5,4,15,30,766,118,862,2.964561939239502,27.193719482421894,41.211001665006435
2968,2014,5,4,16,30,555,104,788,3.638779640197754,25.335992431640648,55.00531715527993
2969,2014,5,4,17,30,319,81,654,4.080597400665283,23.291986083984398,68.7116594362153
2970,2014,5,4,18,30,95,49,336,4.094240665435791,21.018823242187523,82.22228171182195
2971,2014,5,4,19,30,0,0,0,3.820347785949707,19.048242187500023,95.40545581100349
2972,2014,5,4,20,30,0,0,0,3.4093565940856934,17.619897460937523,108.0497951283929
2973,2014,5,4,21,30,0,0,0,2.919846534729004,16.414849853515648,119.79568347040475
2974,2014,5,4,22,30,0,0,0,2.3920392990112305,15.39104614257815,129.98954498647996
2975,2014,5,4,23,30,0,0,0,1.8745675086975095,14.65215454101565,137.48736894220986
2976,2014,5,5,0,30,0,0,0,1.5046141147613523,14.134423828125026,140.7065085198887
2977,2014,5,5,1,30,0,0,0,1.4569144248962402,13.645654296875026,138.63318347617738
2978,2014,5,5,2,30,0,0,0,1.6997371912002563,13.41533813476565,131.9492265386209
2979,2014,5,5,3,30,0,0,0,2.034718990325928,13.485375976562526,122.23800884381598
2980,2014,5,5,4,30,0,0,0,2.3269195556640625,13.55669555664065,110.76863120606885
2981,2014,5,5,5,30,0,0,0,2.5167243480682373,14.04290161132815,98.28708197089935
2982,2014,5,5,6,30,46,25,243,2.481353759765625,16.280145263671898,85.20256093435334
2983,2014,5,5,7,30,263,74,604,2.281804084777832,20.359460449218773,71.75302837717969
2984,2014,5,5,8,30,503,98,766,2.126518726348877,24.991021728515648,58.0800829959021
2985,2014,5,5,9,30,636,249,541,1.8616480827331543,29.133203125000023,44.2919102353111
2986,2014,5,5,10,30,895,124,894,1.2909811735153198,32.19817504882815,30.509352677650472
2987,2014,5,5,11,30,1009,130,919,0.7799227237701416,34.09331665039065,17.045014767906267
2988,2014,5,5,12,30,1053,132,927,0.9840265512466432,34.944787597656266,6.809531019077639
2989,2014,5,5,13,30,1023,131,920,1.8279756307601929,34.8708435058594,14.150047480130851
2990,2014,5,5,14,30,922,126,896,2.8861687183380127,33.155847167968766,27.400225669866966
2991,2014,5,5,15,30,758,117,850,3.990940570831299,29.581079101562523,41.14904874269988
2992,2014,5,5,16,30,482,193,501,4.7308855056762695,26.075372314453148,54.941047455608064
2993,2014,5,5,17,30,314,81,639,4.7974629402160645,23.563470458984398,68.6384661019915
2994,2014,5,5,18,30,94,49,325,4.181396007537842,21.382897949218773,82.13510458448759
2995,2014,5,5,19,30,0,0,0,3.2684550285339355,19.776544189453148,95.29903967179544
2996,2014,5,5,20,30,0,0,0,2.520718574523926,18.889154052734398,107.91778654790735
2997,2014,5,5,21,30,0,0,0,1.9529814720153809,18.204370117187523,119.63006304539176
2998,2014,5,5,22,30,0,0,0,1.464513659477234,17.497491455078148,129.78161866728993
2999,2014,5,5,23,30,0,0,0,1.124099850654602,16.875451660156273,137.2340637485712
3000,2014,5,6,0,30,0,0,0,1.0931276082992554,16.381341552734398,140.42451081222478
3001,2014,5,6,1,30,0,0,0,1.324743628501892,15.987695312500026,138.35907285758054
3002,2014,5,6,2,30,0,0,0,1.6428978443145752,15.79033813476565,131.7090399685557
3003,2014,5,6,3,30,0,0,0,1.9338810443878172,15.781701660156275,122.0357306599214
3004,2014,5,6,4,30,0,0,0,2.1389174461364746,15.6385437011719,110.59855930585708
3005,2014,5,6,5,30,0,0,0,2.21741247177124,15.752893066406275,98.14231656293038
3006,2014,5,6,6,30,48,26,251,2.0709519386291504,17.843927001953148,85.07726109493666
3007,2014,5,6,7,30,199,126,230,1.8635270595550537,21.645745849609398,71.64225836848703
3008,2014,5,6,8,30,508,98,773,1.9262908697128296,25.472344970703148,57.97929820600229
3009,2014,5,6,9,30,726,114,854,2.1683120727539062,28.767846679687523,44.19557463660527
3010,2014,5,6,10,30,898,124,898,2.3985424041748047,31.26986083984377,30.407623973163794
3011,2014,5,6,11,30,1010,130,919,2.6374616622924805,32.703881835937516,16.909303284973088
3012,2014,5,6,12,30,1051,132,925,2.9317922592163086,32.43132934570315,6.532305288202308
3013,2014,5,6,13,30,1020,131,916,3.2772023677825928,31.010552978515648,14.027612186489305
3014,2014,5,6,14,30,920,126,893,3.553591251373291,29.27620849609377,27.329341221014825
3015,2014,5,6,15,30,759,117,852,3.708716869354248,27.41536865234377,41.087705038642156
3016,2014,5,6,16,30,546,112,754,3.813770532608032,25.627557373046894,54.87683911124157
3017,2014,5,6,17,30,318,81,648,3.7965478897094727,23.837030029296894,68.5650800035191
3018,2014,5,6,18,30,96,50,334,3.5282907485961914,21.967095947265648,82.0476629969599
3019,2014,5,6,19,30,0,0,0,3.1630573272705083,20.498529052734398,95.19244479065846
3020,2014,5,6,20,30,0,0,0,2.9110281467437744,19.582208251953148,107.78586942592285
3021,2014,5,6,21,30,0,0,0,2.728842258453369,18.757958984375023,119.46507364686715
3022,2014,5,6,22,30,0,0,0,2.5052175521850586,17.991082763671898,129.5752780066153
3023,2014,5,6,23,30,0,0,0,2.231417179107666,17.406823730468773,136.98378738371036
3024,2014,5,7,0,30,0,0,0,1.9669044017791748,17.201287841796898,140.1469793329493
3025,2014,5,7,1,30,0,0,0,1.7189825773239136,17.360681152343773,138.08994160571996
3026,2014,5,7,2,30,0,0,0,1.4647400379180908,17.609094238281273,131.47357432246648
3027,2014,5,7,3,30,0,0,0,1.3068612813949585,17.464837646484398,121.83780648956781
3028,2014,5,7,4,30,0,0,0,1.3661766052246094,16.882165527343773,110.43259688505766
3029,2014,5,7,5,30,0,0,0,1.5657877922058103,16.876641845703148,98.00154439521108
3030,2014,5,7,6,30,34,29,56,1.6345963478088381,18.556542968750023,84.955938423489
3031,2014,5,7,7,30,186,128,182,1.5042457580566406,22.043572998046894,71.53556648772414
3032,2014,5,7,8,30,354,237,218,1.3036258220672607,26.299096679687523,57.88281529695921
3033,2014,5,7,9,30,423,340,115,1.0587178468704224,30.014825439453148,44.10397361589585
3034,2014,5,7,10,30,525,420,121,0.7736408710479736,32.564477539062516,30.311489863671614
3035,2014,5,7,11,30,997,129,906,0.630449652671814,33.9859558105469,16.781088504335287
3036,2014,5,7,12,30,513,451,61,0.8760511875152588,34.296228027343766,6.260498064637176
3037,2014,5,7,13,30,498,439,60,1.4253671169281006,33.24028930664065,13.909830632099938
3038,2014,5,7,14,30,324,303,24,2.1784589290618896,31.076715087890648,27.260157596632773
3039,2014,5,7,15,30,461,359,134,3.0292530059814453,27.939508056640648,41.02691441051175
3040,2014,5,7,16,30,154,154,0,3.570359706878662,24.416619873046894,54.81266579975152
3041,2014,5,7,17,30,54,54,0,3.638951778411865,21.602136230468773,68.49149908697585
3042,2014,5,7,18,30,25,25,0,3.385993003845215,19.957604980468773,81.95997722887783
3043,2014,5,7,19,30,0,0,0,2.9287772178649902,19.403100585937523,95.08571390884651
3044,2014,5,7,20,30,0,0,0,2.477511405944824,19.302514648437523,107.65411016100772
3045,2014,5,7,21,30,0,0,0,2.225468158721924,19.292749023437523,119.30080580485314
3046,2014,5,7,22,30,0,0,0,2.12839937210083,19.260583496093773,129.37063250413058
3047,2014,5,7,23,30,0,0,0,2.097107410430908,19.120111083984398,136.7366496346762
3048,2014,5,8,0,30,0,0,0,2.0720102787017822,18.887475585937523,139.8740038193319
3049,2014,5,8,1,30,0,0,0,2.0113518238067627,18.598077392578148,137.82587030104378
3050,2014,5,8,2,30,0,0,0,1.8463485240936282,18.283746337890648,131.24291134724444
3051,2014,5,8,3,30,0,0,0,1.6001145839691162,17.982019042968773,121.64431224661993
3052,2014,5,8,4,30,0,0,0,1.4467991590499878,17.765771484375023,110.27080758217924
3053,2014,5,8,5,30,0,0,0,1.391695499420166,17.762200927734398,97.86481424777566
3054,2014,5,8,6,30,10,10,0,1.405927658081055,18.480218505859398,84.83863521607334
3055,2014,5,8,7,30,57,57,0,1.5209875106811523,20.131890869140648,71.43296927725827
3056,2014,5,8,8,30,298,238,113,1.6803888082504272,21.809716796875023,57.79063303786293
3057,2014,5,8,9,30,373,322,71,1.8497457504272459,22.806848144531273,44.01708597214635
3058,2014,5,8,10,30,388,353,41,2.0447819232940674,23.305474853515648,30.220908084960502
3059,2014,5,8,11,30,409,374,36,2.2534141540527344,23.528619384765648,16.660345714928525
3060,2014,5,8,12,30,470,422,47,2.468525648117065,23.589532470703148,5.994270780288204
3061,2014,5,8,13,30,491,433,59,2.7047119140625,23.420434570312523,13.796579046686945
3062,2014,5,8,14,30,401,365,40,2.8896207809448238,22.946466064453148,27.19257802301503
3063,2014,5,8,15,30,346,313,43,3.0329535007476807,22.015039062500023,40.96662262597838
3064,2014,5,8,16,30,370,261,189,3.162546873092652,20.800469970703148,54.748503414154946
3065,2014,5,8,17,30,238,144,254,3.181657552719116,19.562646484375023,68.41772359508865
3066,2014,5,8,18,30,75,56,131,2.9222383499145512,18.439050292968773,81.87206981486753
3067,2014,5,8,19,30,0,0,0,2.6619815826416016,18.021112060546894,94.97889184702588
3068,2014,5,8,20,30,0,0,0,2.696197032928467,18.154534912109398,107.52257685067335
3069,2014,5,8,21,30,0,0,0,2.7308571338653564,18.055505371093773,119.13735104241678
3070,2014,5,8,22,30,0,0,0,2.665780067443848,17.843469238281273,129.16779156742462
3071,2014,5,8,23,30,0,0,0,2.5815963745117188,17.867303466796898,136.4927592139725
3072,2014,5,9,0,30,0,0,0,2.447103977203369,17.794244384765648,139.6056727869396
3073,2014,5,9,1,30,0,0,0,2.330568790435791,17.694848632812523,137.56693788119907
3074,2014,5,9,2,30,0,0,0,2.2128090858459477,17.748895263671898,131.01713038778342
3075,2014,5,9,3,30,0,0,0,1.9867019653320312,17.759484863281273,121.45532104305748
3076,2014,5,9,4,30,0,0,0,1.6763856410980225,17.714196777343773,110.11325203904786
3077,2014,5,9,5,30,0,0,0,1.312450647354126,17.790124511718773,97.7321717438324
3078,2014,5,9,6,30,51,32,202,1.1061058044433594,18.479730224609398,84.7253770592734
3079,2014,5,9,7,30,266,74,598,1.2229056358337402,20.220025634765648,71.33447966922607
3080,2014,5,9,8,30,503,98,757,1.451510667800903,22.597161865234398,57.70274616876234
3081,2014,5,9,9,30,719,113,841,1.5914098024368286,24.957055664062523,43.934885671692115
3082,2014,5,9,10,30,892,123,888,1.6761983633041382,27.394097900390648,30.13582949615502
3083,2014,5,9,11,30,1006,130,913,1.6882450580596924,29.872003173828148,16.547035756511367
3084,2014,5,9,12,30,1051,132,923,1.573916792869568,31.71297607421877,5.733795488164759
3085,2014,5,9,13,30,1024,131,919,1.3780277967453003,32.543725585937516,13.687726471132235
3086,2014,5,9,14,30,927,126,899,1.0919651985168457,32.545678710937516,27.12650665325709
3087,2014,5,9,15,30,766,118,858,0.8307295441627502,31.84090576171877,40.90677747436036
3088,2014,5,9,16,30,558,104,785,1.0736770629882812,30.246484375000023,54.68433012172152
3089,2014,5,9,17,30,323,82,652,1.9828426837921145,27.479028320312523,68.34375609118045
3090,2014,5,9,18,30,100,51,342,2.762033224105835,24.01326904296877,81.7839655390088
3091,2014,5,9,19,30,0,0,0,3.0001580715179443,21.116052246093773,94.87202547133964
3092,2014,5,9,20,30,0,0,0,3.0306529998779297,19.855950927734398,107.39133923023823
3093,2014,5,9,21,30,0,0,0,3.0128159523010254,19.800164794921894,118.97480179519249
3094,2014,5,9,22,30,0,0,0,2.913567066192627,19.765618896484398,128.96686443670976
3095,2014,5,9,23,30,0,0,0,2.683980941772461,19.515954589843773,136.25222371747648
3096,2014,5,10,0,30,0,0,0,2.466952323913574,19.309320068359398,139.34207349417127
3097,2014,5,10,1,30,0,0,0,2.299586057662964,19.181390380859398,137.31322161103787
3098,2014,5,10,2,30,0,0,0,2.069327116012573,18.955438232421894,130.79630836883774
3099,2014,5,10,3,30,0,0,0,1.845081806182861,18.663049316406273,121.27090316744268
3100,2014,5,10,4,30,0,0,0,1.7313070297241209,18.401971435546894,109.95998787718229
3101,2014,5,10,5,30,0,0,0,1.7594048976898191,18.333642578125023,97.60365933102696
3102,2014,5,10,6,30,53,33,214,1.882328510284424,18.689538574218773,84.61619037099179
3103,2014,5,10,7,30,271,75,610,2.0014631748199463,19.642572021484398,71.24010699540416
3104,2014,5,10,8,30,510,98,767,2.1217088699340816,21.748193359375023,57.6191454367829
3105,2014,5,10,9,30,726,114,849,2.1989336013793945,24.383081054687523,43.857341925693596
3106,2014,5,10,10,30,899,124,895,2.2213001251220703,26.557031250000023,30.056198223390695
3107,2014,5,10,11,30,1013,130,920,2.2358975410461426,28.412500000000023,16.441104969913596
3108,2014,5,10,12,30,697,503,195,2.1833338737487797,29.720819091796894,5.4792565834169125
3109,2014,5,10,13,30,1032,132,926,2.03467059135437,30.253839111328148,13.58313524580278
3110,2014,5,10,14,30,934,127,906,1.934757232666016,30.131982421875023,27.061848795784048
3111,2014,5,10,15,30,774,118,866,2.0753839015960693,29.360040283203148,40.84732887454668
3112,2014,5,10,16,30,565,104,795,2.569265365600586,27.96029052734377,54.620126419641956
3113,2014,5,10,17,30,329,83,665,3.2328081130981445,25.839471435546894,68.26960148013245
3114,2014,5,10,18,30,99,53,315,3.7385137081146236,23.237054443359398,81.69569142634548
3115,2014,5,10,19,30,0,0,0,3.924021244049072,21.152673339843773,94.7651636568013
3116,2014,5,10,20,30,0,0,0,3.843329668045044,19.840570068359398,107.2604686099227
3117,2014,5,10,21,30,0,0,0,3.646721363067627,19.075555419921894,118.81325133058928
3118,2014,5,10,22,30,0,0,0,3.5025293827056885,18.976464843750023,128.76796011058406
3119,2014,5,10,23,30,0,0,0,3.5278868675231934,19.129510498046894,136.01514958276218
3120,2014,5,11,0,30,0,0,0,3.4079031944274902,18.933465576171894,139.08329190658412
3121,2014,5,11,1,30,0,0,0,3.1085796356201167,18.613397216796894,137.0647970522736
3122,2014,5,11,2,30,0,0,0,2.8266878128051762,18.529595947265648,130.58051977656424
3123,2014,5,11,3,30,0,0,0,2.5633511543273926,18.275537109375023,121.0911260641453
3124,2014,5,11,4,30,0,0,0,2.320770740509033,17.927453613281273,109.81106967598677
3125,2014,5,11,5,30,0,0,0,2.0792016983032227,18.170373535156273,97.479316265178
3126,2014,5,11,6,30,54,33,217,1.9229657649993896,19.493524169921894,84.51109820073009
3127,2014,5,11,7,30,270,75,604,1.9872313737869265,21.784783935546894,71.1498570017617
3128,2014,5,11,8,30,505,98,758,2.285754680633545,24.136346435546894,57.539817638643704
3129,2014,5,11,9,30,718,113,838,2.5092060565948486,25.802453613281273,43.78441927782143
3130,2014,5,11,10,30,888,123,882,2.5059194564819336,26.676171875000023,29.981951825353367
3131,2014,5,11,11,30,998,129,905,2.381237506866455,27.159387207031273,16.34248524374567
3132,2014,5,11,12,30,1042,132,913,2.2960925102233887,27.40682373046877,5.230852775987515
3133,2014,5,11,13,30,1014,131,908,2.4355626106262207,27.038110351562523,13.482661538001453
3134,2014,5,11,14,30,916,126,886,2.753108024597168,26.165277099609398,26.998511138117408
3135,2014,5,11,15,30,757,117,844,3.071610450744629,25.078485107421894,40.78822897922039
3136,2014,5,11,16,30,410,253,269,3.3325154781341557,23.714288330078148,54.555875187436534
3137,2014,5,11,17,30,135,132,8,3.5190296173095703,22.055047607421894,68.19526702626098
3138,2014,5,11,18,30,84,50,234,3.504408836364746,20.521142578125023,81.60727673158512
3139,2014,5,11,19,30,0,0,0,3.4487409591674805,19.839868164062523,94.6583572482996
3140,2014,5,11,20,30,0,0,0,3.523487329483032,19.818048095703148,107.13003781028915
3141,2014,5,11,21,30,0,0,0,3.57027530670166,19.649743652343773,118.65279366664564
3142,2014,5,11,22,30,0,0,0,3.485801696777344,19.329400634765648,128.57118727274505
3143,2014,5,11,23,30,0,0,0,3.270897388458252,19.122583007812523,135.781642047672
3144,2014,5,12,0,30,0,0,0,2.938390254974365,18.796533203125023,138.82941266109034
3145,2014,5,12,1,30,0,0,0,2.5495805740356445,18.360162353515648,136.82173803285627
3146,2014,5,12,2,30,0,0,0,2.1966474056243896,18.164697265625023,130.36983663986973
3147,2014,5,12,3,30,0,0,0,1.859179735183716,18.136804199218773,120.91605431338638
3148,2014,5,12,4,30,0,0,0,1.5470943450927734,18.057550048828148,109.6665489526887
3149,2014,5,12,5,30,0,0,0,1.3173093795776367,18.082543945312523,97.35917859672549
3150,2014,5,12,6,30,55,34,220,1.2232273817062378,18.904016113281273,84.41012023047448
3151,2014,5,12,7,30,270,75,602,1.3481404781341553,21.216760253906273,71.06373186759104
3152,2014,5,12,8,30,505,98,756,1.6081466674804688,23.97518310546877,57.464745669564216
3153,2014,5,12,9,30,719,113,837,1.7532219886779783,25.966668701171894,43.716077701727755
3154,2014,5,12,10,30,890,123,884,1.7110860347747805,27.272332763671894,29.913021479942003
3155,2014,5,12,11,30,1003,130,909,1.5791829824447632,28.064904785156273,16.251094160195592
3156,2014,5,12,12,30,1047,132,918,1.666471004486084,28.324334716796894,4.988812488706358
3157,2014,5,12,13,30,1018,131,911,2.243717193603516,27.712823486328148,13.38615590468055
3158,2014,5,12,14,30,918,126,888,3.0776519775390625,26.188134765625023,26.936401965599853
3159,2014,5,12,15,30,410,349,81,3.7528138160705566,24.452844238281273,40.729432275305406
3160,2014,5,12,16,30,551,103,771,4.105744361877441,22.95614013671877,54.491561736045064
3161,2014,5,12,17,30,216,155,164,4.106383800506592,21.622125244140648,68.12076236812028
3162,2014,5,12,18,30,98,41,386,3.735234260559082,20.676965332031273,81.51875292466478
3163,2014,5,12,19,30,0,0,0,3.346320152282715,20.480950927734398,94.55165901888078
3164,2014,5,12,20,30,0,0,0,3.2479276657104488,20.555871582031273,107.00012109597976
3165,2014,5,12,21,30,0,0,0,3.318941593170166,20.311395263671894,118.49352349067009
3166,2014,5,12,22,30,0,0,0,3.3951072692871094,19.937158203125023,128.3766542196305
3167,2014,5,12,23,30,0,0,0,3.3910467624664307,19.665490722656273,135.55180510921107
3168,2014,5,13,0,30,0,0,0,3.376134157180786,19.472924804687523,138.58051902997926
3169,2014,5,13,1,30,0,0,0,3.378462791442871,19.270074462890648,136.58411661619087
3170,2014,5,13,2,30,0,0,0,3.3392794132232666,19.130761718750023,130.16432851167565
3171,2014,5,13,3,30,0,0,0,3.2572543621063232,19.113366699218773,120.74574961218599
3172,2014,5,13,4,30,0,0,0,3.129249095916748,19.113641357421894,109.52647414423326
3173,2014,5,13,5,30,0,0,0,3.000119686126709,19.177667236328148,97.24327915999993
3174,2014,5,13,6,30,17,17,0,3.0040087699890137,19.569146728515648,84.31327277894512
3175,2014,5,13,7,30,85,85,0,3.0607147216796875,20.464990234375023,70.98173022953014
3176,2014,5,13,8,30,279,235,82,3.0354328155517583,21.535821533203148,57.39390857857611
3177,2014,5,13,9,30,260,245,21,2.9939842224121094,22.282739257812523,43.652272708194744
3178,2014,5,13,10,30,279,260,21,3.0551905632019043,22.692590332031273,29.84933219124243
3179,2014,5,13,11,30,315,291,24,3.2888588905334477,22.866906738281273,16.166835240544685
3180,2014,5,13,12,30,1037,131,908,3.696469783782959,22.725610351562523,4.753343183795137
3181,2014,5,13,13,30,1009,130,902,4.203892707824707,22.213861083984398,13.29346388565341
3182,2014,5,13,14,30,912,126,881,4.473509788513184,21.485131835937523,26.87543137437469
3183,2014,5,13,15,30,546,351,257,4.4593424797058105,20.604425048828148,40.670895680435336
3184,2014,5,13,16,30,420,249,294,4.368336200714111,19.664178466796894,54.427173853664605
3185,2014,5,13,17,30,8,8,0,4.063239574432373,18.798486328125023,68.0460995300677
3186,2014,5,13,18,30,11,11,0,3.6933860778808594,18.016778564453148,81.43015367340575
3187,2014,5,13,19,30,0,0,0,3.449265956878662,17.452996826171898,94.44512362562193
3188,2014,5,13,20,30,0,0,0,3.180610179901123,17.040399169921898,106.87079410787857
3189,2014,5,13,21,30,0,0,0,2.8778035640716557,16.780145263671898,118.3355360777307
3190,2014,5,13,22,30,0,0,0,2.6687793731689453,16.699853515625026,128.1844687890523
3191,2014,5,13,23,30,0,0,0,2.569296836853028,16.494744873046898,135.32574148267682
3192,2014,5,14,0,30,0,0,0,2.45481014251709,16.100335693359398,138.33669288487351
3193,2014,5,14,1,30,0,0,0,2.3844311237335205,15.790856933593775,136.3520030702216
3194,2014,5,14,2,30,0,0,0,2.338442087173462,15.576013183593775,129.96406245013648
3195,2014,5,14,3,30,0,0,0,2.376542091369629,15.28069458007815,120.5802707563018
3196,2014,5,14,4,30,0,0,0,2.5579302310943604,14.850000000000026,109.39089059106465
3197,2014,5,14,5,30,0,0,0,2.6506600379943848,14.40398559570315,97.13164756516468
3198,2014,5,14,6,30,59,35,237,2.660904884338379,14.533837890625026,84.22056880916303
3199,2014,5,14,7,30,279,76,620,2.627771615982056,15.600244140625026,70.90384721022168
3200,2014,5,14,8,30,517,99,773,2.508265972137451,17.258996582031273,57.327281630101254
3201,2014,5,14,9,30,224,213,14,2.39778995513916,19.106805419921894,43.592955461580566
3202,2014,5,14,10,30,232,218,16,2.3854448795318604,20.877343750000023,29.79080301562611
3203,2014,5,14,11,30,171,159,12,2.4865951538085938,22.179986572265648,16.089598289552118
3204,2014,5,14,12,30,199,184,15,2.699870586395264,22.458489990234398,4.524714995971222
3205,2014,5,14,13,30,430,395,36,2.9698405265808105,22.042749023437523,13.204426622968755
3206,2014,5,14,14,30,458,405,59,3.2639169692993164,21.422662353515648,26.815511478727746
3207,2014,5,14,15,30,416,353,82,3.56204891204834,20.330255126953148,40.61257863552732
3208,2014,5,14,16,30,444,242,346,3.780393362045288,18.798211669921894,54.36270184807619
3209,2014,5,14,17,30,230,156,196,3.7530088424682617,17.155633544921898,67.9712929306987
3210,2014,5,14,18,30,94,49,297,3.491350650787353,15.6400085449219,81.34151482341406
3211,2014,5,14,19,30,0,0,0,3.2219552993774414,14.4183288574219,94.33880756313305
3212,2014,5,14,20,30,0,0,0,2.933537006378174,13.438623046875026,106.74213379381244
3213,2014,5,14,21,30,0,0,0,2.602848529815674,12.623742675781275,118.17892720903565
3214,2014,5,14,22,30,0,0,0,2.3118305206298833,11.9981628417969,127.99473828974712
3215,2014,5,14,23,30,0,0,0,2.0426006317138667,11.51958618164065,135.10355256111328
3216,2014,5,15,0,30,0,0,0,1.7986652851104736,11.14031372070315,138.09801466064653
3217,2014,5,15,1,30,0,0,0,1.6021565198898315,10.7528015136719,136.12546583644
3218,2014,5,15,2,30,0,0,0,1.4815287590026855,10.391564941406275,129.76910299986542
3219,2014,5,15,3,30,0,0,0,1.408515214920044,10.177819824218775,120.41967362304634
3220,2014,5,15,4,30,0,0,0,1.3134708404541016,10.0762878417969,109.25984052280151
3221,2014,5,15,5,30,0,0,0,1.1943610906600952,10.261071777343775,97.0243101930153
3222,2014,5,15,6,30,7,7,0,1.2231954336166382,11.4304138183594,84.13201793947313
3223,2014,5,15,7,30,36,36,0,1.5021606683731081,13.532128906250026,70.83007445158478
3224,2014,5,15,8,30,168,163,8,1.7341156005859375,15.77312622070315,57.26483637154075
3225,2014,5,15,9,30,376,329,65,1.7789864540100098,17.729547119140648,43.53807290505413
3226,2014,5,15,10,30,595,436,183,1.8214111328125,19.307824707031273,29.73734730579163
3227,2014,5,15,11,30,717,478,248,1.932392954826355,20.476556396484398,16.019259836234596
3228,2014,5,15,12,30,843,422,422,2.0750231742858887,21.163720703125023,4.303209375115799
3229,2014,5,15,13,30,804,427,387,2.22204065322876,21.379571533203148,13.118881501627884
3230,2014,5,15,14,30,728,404,363,2.3737754821777344,21.071130371093773,26.756556612408808
3231,2014,5,15,15,30,445,365,104,2.5219273567199707,20.169488525390648,40.55444319341138
3232,2014,5,15,16,30,576,106,805,2.69135856628418,18.846093750000023,54.29813858576853
3233,2014,5,15,17,30,341,84,681,2.8638596534729004,17.239373779296898,67.89635938818789
3234,2014,5,15,18,30,113,41,478,2.9906618595123287,15.3001647949219,81.25287437487934
3235,2014,5,15,19,30,0,0,0,3.028667449951172,13.5950866699219,94.23276911463094
3236,2014,5,15,20,30,0,0,0,2.945644855499268,12.454431152343775,106.6142183378076
3237,2014,5,15,21,30,0,0,0,2.8044679164886475,11.586877441406275,118.0237930902438
3238,2014,5,15,22,30,0,0,0,2.653209686279297,10.88909301757815,127.80756943187254
3239,2014,5,15,23,30,0,0,0,2.4713950157165527,10.25518188476565,134.88533837497235
3240,2014,5,16,0,30,0,0,0,2.2408366203308105,9.588220214843775,137.86456331930978
3241,2014,5,16,1,30,0,0,0,2.0374097824096684,8.9488464355469,135.90457149892367
3242,2014,5,16,2,30,0,0,0,1.92046332359314,8.475976562500023,129.5795121732881
3243,2014,5,16,3,30,0,0,0,1.8775107860565183,8.163537597656273,120.26401115523424
3244,2014,5,16,4,30,0,0,0,1.9070932865142824,7.946679687500023,109.13336304598974
3245,2014,5,16,5,30,0,0,0,1.9584181308746336,8.385430908203148,96.92129019259585
3246,2014,5,16,6,30,64,37,258,1.8508062362670896,10.532250976562525,84.04762645816064
3247,2014,5,16,7,30,289,78,642,1.640119552612305,13.89849243164065,70.76040015277938
3248,2014,5,16,8,30,532,101,796,1.5696709156036377,16.938165283203148,57.20654070688944
3249,2014,5,16,9,30,752,116,876,1.5869238376617432,19.286309814453148,43.48756789436349
3250,2014,5,16,10,30,927,126,921,1.528664231300354,21.264245605468773,29.68887297160471
3251,2014,5,16,11,30,1040,132,944,1.4307303428649902,22.855340576171894,15.955683666977592
3252,2014,5,16,12,30,1084,135,951,1.4258980751037598,23.90242919921877,4.089136272883664
3253,2014,5,16,13,30,1054,133,944,1.5469584465026855,24.333978271484398,13.03666280652176
3254,2014,5,16,14,30,953,129,923,1.74262535572052,24.102014160156273,26.698483523766928
3255,2014,5,16,15,30,790,120,881,2.0409064292907715,23.176507568359398,40.496454103452976
3256,2014,5,16,16,30,579,106,810,2.553504943847656,21.512811279296894,54.233479527505274
3257,2014,5,16,17,30,342,84,682,3.0973000526428223,19.120690917968773,67.82131812235818
3258,2014,5,16,18,30,114,41,475,3.3505349159240723,16.350946044921898,81.1642724566371
3259,2014,5,16,19,30,0,0,0,3.2550642490386963,14.212121582031275,94.12706830072938
3260,2014,5,16,20,30,0,0,0,2.979280710220337,12.97869262695315,106.48712708806282
3261,2014,5,16,21,30,0,0,0,2.665577888488769,12.100671386718775,117.87023026979048
3262,2014,5,16,22,30,0,0,0,2.299431800842285,11.4101501464844,127.62306825833616
3263,2014,5,16,23,30,0,0,0,1.9136841297149656,10.833886718750025,134.67119755198678
3264,2014,5,17,0,30,0,0,0,1.7222460508346558,10.355981445312525,137.63641631396052
3265,2014,5,17,1,30,0,0,0,1.835296630859375,9.97026977539065,135.689384753451
3266,2014,5,17,2,30,0,0,0,2.055609226226806,9.677026367187525,129.3953494321796
3267,2014,5,17,3,30,0,0,0,2.2242681980133057,9.4619079589844,120.1133333461634
3268,2014,5,17,4,30,0,0,0,2.3509016036987305,9.290917968750025,109.01149413382707
3269,2014,5,17,5,30,0,0,0,2.4406299591064453,9.782312011718775,96.82260748172506
3270,2014,5,17,6,30,64,37,260,2.313240528106689,11.995141601562526,83.96739734168794
3271,2014,5,17,7,30,289,78,640,2.0030078887939453,15.552392578125026,70.69480911271272
3272,2014,5,17,8,30,531,101,792,1.737323760986328,19.002709960937523,57.15235897609882
3273,2014,5,17,9,30,749,116,872,1.4930890798568726,21.888909912109398,43.44137933958413
3274,2014,5,17,10,30,923,126,917,1.1840870380401611,24.384393310546894,29.64528275605524
3275,2014,5,17,11,30,1036,132,940,0.8495588898658752,26.29110107421877,15.898721445529974
3276,2014,5,17,12,30,1079,134,946,0.788695752620697,27.441308593750023,3.8828376952137376
3277,2014,5,17,13,30,1047,133,938,1.15696382522583,27.804254150390648,12.957602390934026
3278,2014,5,17,14,30,945,128,914,1.855855107307434,27.353540039062523,26.64121156454094
3279,2014,5,17,15,30,781,119,870,2.6793136596679688,25.931390380859398,40.43857889212681
3280,2014,5,17,16,30,572,105,796,3.3800020217895512,23.448205566406273,54.168722760555646
3281,2014,5,17,17,30,337,84,669,3.74224853515625,20.510522460937523,67.74619075365824
3282,2014,5,17,18,30,113,42,459,3.637436866760254,17.753503417968773,81.07575129732821
3283,2014,5,17,19,30,0,0,0,3.230034828186035,15.807519531250026,94.02176682596829
3284,2014,5,17,20,30,0,0,0,2.725057601928711,14.75957641601565,106.36094048363432
3285,2014,5,17,21,30,0,0,0,2.237144470214844,14.014184570312526,117.71833555730947
3286,2014,5,17,22,30,0,0,0,1.814103364944458,13.362634277343775,127.44134007715759
3287,2014,5,17,23,30,0,0,0,1.4991836547851562,12.77446899414065,134.46122727737801
3288,2014,5,18,0,30,0,0,0,1.4334858655929563,12.282556152343775,137.41364955278172
3289,2014,5,18,1,30,0,0,0,1.631794571876526,11.940209960937526,135.47996837675583
3290,2014,5,18,2,30,0,0,0,2.0107159614562993,11.712670898437526,129.21667166945423
3291,2014,5,18,3,30,0,0,0,2.462092638015747,11.509118652343775,119.96768722573162
3292,2014,5,18,4,30,0,0,0,2.8129642009735107,11.2745300292969,108.89426661796287
3293,2014,5,18,5,30,0,0,0,2.96992301940918,11.515039062500026,96.728278750337
3294,2014,5,18,6,30,66,38,265,2.787644386291504,13.402062988281275,83.89133027639406
3295,2014,5,18,7,30,291,78,642,2.2848780155181885,17.076745605468773,70.63328277705281
3296,2014,5,18,8,30,532,101,794,1.6643154621124268,21.422143554687523,57.10225204002774
3297,2014,5,18,9,30,750,116,872,1.0454039573669434,24.958459472656273,43.39944235434027
3298,2014,5,18,10,30,921,126,914,0.9049141407012941,26.999627685546894,29.60647452502483
3299,2014,5,18,11,30,1031,132,935,1.3557264804840088,28.015100097656273,15.848213412643533
3300,2014,5,18,12,30,1072,134,940,1.98096776008606,28.289086914062523,3.6846912379431416
3301,2014,5,18,13,30,1041,133,931,2.617300033569336,27.384637451171894,12.881530351639741
3302,2014,5,18,14,30,941,128,909,3.1333625316619877,25.500695800781273,26.58466287215587
3303,2014,5,18,15,30,781,119,868,3.443442344665528,23.389947509765648,40.38078793952785
3304,2014,5,18,16,30,575,106,800,3.529139518737793,21.533227539062523,54.103869027429
3305,2014,5,18,17,30,342,84,676,3.364905595779419,19.989404296875023,67.67100129896136
3306,2014,5,18,18,30,116,42,469,3.1096794605255127,18.318017578125023,80.98735519372812
3307,2014,5,18,19,30,0,0,0,2.970381736755371,16.921929931640648,93.91692802309412
3308,2014,5,18,20,30,0,0,0,2.9046778678894043,16.040765380859398,106.2357399798188
3309,2014,5,18,21,30,0,0,0,2.821112632751465,15.543908691406275,117.56820594199972
3310,2014,5,18,22,30,0,0,0,2.7376670837402344,15.47124633789065,127.26248939456792
3311,2014,5,18,23,30,0,0,0,2.56394624710083,15.324975585937526,134.25552325420577
3312,2014,5,19,0,30,0,0,0,2.201911449432373,14.9392028808594,137.19633736320736
3313,2014,5,19,1,30,0,0,0,1.9041404724121092,14.80755004882815,135.27638319603196
3314,2014,5,19,2,30,0,0,0,1.8030643463134768,14.9835144042969,129.04353319136624
3315,2014,5,19,3,30,0,0,0,1.7312994003295898,15.0889831542969,119.82711684787714
3316,2014,5,19,4,30,0,0,0,1.5681664943695068,15.046166992187526,108.7817101825366
3317,2014,5,19,5,30,0,0,0,1.3802785873413086,15.101342773437526,96.63831746687387
3318,2014,5,19,6,30,66,38,266,1.3728573322296145,15.767846679687526,83.81942168400491
3319,2014,5,19,7,30,291,78,641,1.4510861635208132,17.701440429687523,70.57579928972937
3320,2014,5,19,8,30,532,101,792,1.4665060043334959,20.774530029296894,57.05617737083136
3321,2014,5,19,9,30,749,116,871,1.376338005065918,23.744256591796894,43.361688412183504
3322,2014,5,19,10,30,921,126,913,1.1886460781097412,26.07772216796877,29.572341569366664
3323,2014,5,19,11,30,1031,132,934,1.1061280965805054,27.81356201171877,15.803989157734009
3324,2014,5,19,12,30,1072,134,939,1.277145504951477,28.619165039062523,3.4951133187026784
3325,2014,5,19,13,30,1040,133,930,1.6666536331176758,28.315881347656273,12.808275706095188
3326,2014,5,19,14,30,939,128,906,2.2030463218688965,27.234643554687523,26.528762545498772
3327,2014,5,19,15,30,778,119,864,2.789276123046875,25.550042724609398,40.323054551697936
3328,2014,5,19,16,30,572,105,794,3.2587163448333736,23.38802490234377,54.03892175099988
3329,2014,5,19,17,30,340,84,670,3.437711238861084,21.198571777343773,67.59577616399085
3330,2014,5,19,18,30,116,43,461,3.33720064163208,19.278131103515648,80.89913047635451
3331,2014,5,19,19,30,0,0,0,3.1325092315673833,18.203393554687523,93.8126167953578
3332,2014,5,19,20,30,0,0,0,2.9310965538024902,17.694085693359398,106.11160797269704
3333,2014,5,19,21,30,0,0,0,2.7874159812927246,17.014459228515648,117.41993851143229
3334,2014,5,19,22,30,0,0,0,2.804665327072144,16.313256835937526,127.08661984909187
3335,2014,5,19,23,30,0,0,0,2.7764244079589844,15.751489257812526,134.05417966405548
3336,2014,5,20,0,30,0,0,0,2.602285861968994,15.3798767089844,136.9845524562462
3337,2014,5,20,1,30,0,0,0,2.4205303192138667,15.140588378906275,135.07868805866204
3338,2014,5,20,2,30,0,0,0,2.12721848487854,14.743920898437526,128.87598569996314
3339,2014,5,20,3,30,0,0,0,1.931891918182373,14.567651367187526,119.69166327905752
3340,2014,5,20,4,30,0,0,0,1.8880367279052732,14.739221191406275,108.67385136016705
3341,2014,5,20,5,30,0,0,0,1.8256821632385252,14.9180847167969,96.5527338874788
3342,2014,5,20,6,30,68,38,275,1.9123528003692627,15.784997558593775,83.75166475053348
3343,2014,5,20,7,30,295,79,649,1.9206126928329468,17.691430664062523,70.52233354862149
3344,2014,5,20,8,30,538,102,801,1.687263250350952,20.045312500000023,57.014089147355136
3345,2014,5,20,9,30,757,117,879,1.4441032409667969,22.547143554687523,43.32804550911049
3346,2014,5,20,10,30,930,127,923,1.2729904651641846,24.992395019531273,29.542772917252265
3347,2014,5,20,11,30,1042,133,944,1.2838119268417358,26.838098144531273,15.76586845297797
3348,2014,5,20,12,30,1084,135,950,1.6040725708007812,27.755487060546894,3.3145616591761358
3349,2014,5,20,13,30,1053,134,942,2.160118103027344,27.833673095703148,12.737667067395408
3350,2014,5,20,14,30,952,129,920,2.685647964477539,27.19149169921877,26.473438814226107
3351,2014,5,20,15,30,791,120,878,3.0658655166625977,25.997949218750023,40.265355029085725
3352,2014,5,20,16,30,582,106,809,3.321083068847656,24.371697998046894,53.97388705639421
3353,2014,5,20,17,30,347,85,685,3.402545928955078,22.330407714843773,67.52054413286359
3354,2014,5,20,18,30,103,54,311,3.3552134037017822,20.023889160156273,80.8111254721422
3355,2014,5,20,19,30,0,0,0,3.294850349426269,18.209924316406273,93.70889955652041
3356,2014,5,20,20,30,0,0,0,3.2691049575805664,17.249139404296898,105.98862772232731
3357,2014,5,20,21,30,0,0,0,3.2417030334472656,16.746697998046898,117.27363037029755
3358,2014,5,20,22,30,0,0,0,3.3037924766540527,16.601586914062526,126.91383414650049
3359,2014,5,20,23,30,0,0,0,3.296370506286621,16.397607421875026,133.8572891279469
3360,2014,5,21,0,30,0,0,0,3.0116219520568848,15.98113403320315,136.77836589102904
3361,2014,5,21,1,30,0,0,0,2.790926933288574,16.014398193359398,134.88693980236494
3362,2014,5,21,2,30,0,0,0,2.654677629470825,16.258782958984398,128.71407827619564
3363,2014,5,21,3,30,0,0,0,2.4002957344055176,16.122827148437526,119.56136458820059
3364,2014,5,21,4,30,0,0,0,2.108406543731689,15.805200195312526,108.57071353030555
3365,2014,5,21,5,30,0,0,0,1.8271671533584597,15.5764099121094,96.47153506821756
3366,2014,5,21,6,30,68,38,271,1.6697418689727783,16.025048828125026,83.68804945893885
3367,2014,5,21,7,30,292,78,638,1.6376208066940308,17.360864257812526,70.47285726568612
3368,2014,5,21,8,30,471,172,548,1.6599664688110352,19.437158203125023,56.9759383556077
3369,2014,5,21,9,30,747,116,866,1.777559518814087,21.775384521484398,43.298438332329
3370,2014,5,21,10,30,917,126,909,1.9822971820831297,23.940667724609398,29.51765365576457
3371,2014,5,21,11,30,1028,132,931,2.2217392921447754,25.740899658203148,15.733662140368054
3372,2014,5,21,12,30,1070,134,936,2.4790656566619877,26.77645263671877,3.143536361756958
3373,2014,5,21,13,30,1039,133,928,2.752718925476074,26.961541748046894,12.669533312794686
3374,2014,5,21,14,30,938,128,904,2.9609761238098145,26.125421142578148,26.418623201219397
3375,2014,5,21,15,30,777,119,861,3.114668369293213,24.434747314453148,40.207668730604674
3376,2014,5,21,16,30,571,105,790,3.315138816833496,22.673028564453148,53.908773789069606
3377,2014,5,21,17,30,340,85,664,3.470988512039185,21.138726806640648,67.44533635419985
3378,2014,5,21,18,30,117,44,450,3.4983677864074707,19.785363769531273,80.7233904645756
3379,2014,5,21,19,30,0,0,0,3.5067424774169917,18.975762939453148,93.60584416892428
3380,2014,5,21,20,30,0,0,0,3.5608952045440674,18.576257324218773,105.86688327512886
3381,2014,5,21,21,30,0,0,0,3.583534240722656,18.257165527343773,117.12937855948412
3382,2014,5,21,22,30,0,0,0,3.57503604888916,17.989617919921898,126.7442339955323
3383,2014,5,21,23,30,0,0,0,3.58483362197876,17.813104248046898,133.6649426675206
3384,2014,5,22,0,30,0,0,0,3.4444475173950195,17.718713378906273,136.57784703965575
3385,2014,5,22,1,30,0,0,0,3.1780543327331543,17.437524414062526,134.7011932257212
3386,2014,5,22,2,30,0,0,0,2.8534188270568848,17.010491943359398,128.55785736350126
3387,2014,5,22,3,30,0,0,0,2.5239675045013428,16.598107910156273,119.43625583797336
3388,2014,5,22,4,30,0,0,0,2.250640153884888,16.304864501953148,108.4723169197167
3389,2014,5,22,5,30,0,0,0,2.0971121788024902,16.376092529296898,96.3947248802728
3390,2014,5,22,6,30,66,37,261,2.1311888694763184,16.883813476562526,83.6285626252004
3391,2014,5,22,7,30,283,77,616,2.2608704566955566,17.833428955078148,70.42733903105588
3392,2014,5,22,8,30,516,100,763,2.3841328620910645,19.129113769531273,56.94167289382379
3393,2014,5,22,9,30,727,114,840,2.4450883865356445,20.763635253906273,43.272788434105635
3394,2014,5,22,10,30,894,124,884,2.4454245567321777,22.400384521484398,29.49686525957043
3395,2014,5,22,11,30,1004,130,907,2.3754987716674805,23.378533935546894,15.707173061272002
3396,2014,5,22,12,30,1046,133,914,2.2523083686828613,23.68856201171877,2.9825786646297843
3397,2014,5,22,13,30,1017,132,907,2.1291539669036865,23.528314208984398,12.603704242213936
3398,2014,5,22,14,30,920,127,885,2.1272339820861816,23.023156738281273,26.364250678704266
3399,2014,5,22,15,30,764,118,844,2.388835430145264,22.261163330078148,40.14997813364004
3400,2014,5,22,16,30,561,105,772,2.805460214614868,21.200311279296894,53.843593529439
3401,2014,5,22,17,30,333,84,646,3.0871477127075195,19.930810546875023,67.37018632411598
3402,2014,5,22,18,30,114,44,428,3.165501117706299,18.860223388671894,80.6359776509772
3403,2014,5,22,19,30,0,0,0,3.2034826278686523,18.386682128906273,93.50351987970087
3404,2014,5,22,20,30,0,0,0,3.1853933334350586,18.125024414062523,105.74645938535242
3405,2014,5,22,21,30,0,0,0,2.9888134002685547,17.706811523437523,116.98727997546324
3406,2014,5,22,22,30,0,0,0,2.719329833984375,17.369470214843773,126.57792004454876
3407,2014,5,22,23,30,0,0,0,2.5265824794769287,17.288995361328148,133.47722966654004
3408,2014,5,23,0,30,0,0,0,2.418919086456299,17.234918212890648,136.3830635523573
3409,2014,5,23,1,30,0,0,0,2.3372211456298833,17.049523925781273,134.52150105920262
3410,2014,5,23,2,30,0,0,0,2.2321105003356934,16.876306152343773,128.40736675202692
3411,2014,5,23,3,30,0,0,0,2.1037697792053223,16.645318603515648,119.31636907737808
3412,2014,5,23,4,30,0,0,0,1.9294812679290767,16.355432128906273,108.37867860523852
3413,2014,5,23,5,30,0,0,0,1.7737680673599243,16.279199218750026,96.32230402801382
3414,2014,5,23,6,30,39,35,32,1.6477422714233398,16.644708251953148,83.57318793798478
3415,2014,5,23,7,30,167,136,92,1.4674172401428225,17.503930664062526,70.38574438119765
3416,2014,5,23,8,30,313,245,124,1.3976448774337769,18.705743408203148,56.91123768184836
3417,2014,5,23,9,30,428,343,117,1.5137546062469482,20.119775390625023,43.251014410372846
3418,2014,5,23,10,30,680,382,342,1.6925899982452393,21.401605224609398,29.480285925193034
3419,2014,5,23,11,30,304,281,23,1.8733861446380613,22.530053710937523,15.686197017851784
3420,2014,5,23,12,30,823,393,430,2.057879686355591,23.56087646484377,2.8322661714137216
3421,2014,5,23,13,30,873,383,501,2.2989871501922607,24.148400878906273,12.540011223480976
3422,2014,5,23,14,30,914,127,878,2.5288524627685547,23.969598388671894,26.310259817562326
3423,2014,5,23,15,30,590,332,337,2.656889677047729,22.963616943359398,40.092268889933
3424,2014,5,23,16,30,453,237,364,2.763965368270874,21.784051513671894,53.77836060396968
3425,2014,5,23,17,30,277,139,359,2.771688461303711,20.637231445312523,67.29512986605475
3426,2014,5,23,18,30,82,62,125,2.719918727874756,19.465020751953148,80.54894109716109
3427,2014,5,23,19,30,0,0,0,2.7008657455444336,18.576562500000023,93.40199725491549
3428,2014,5,23,20,30,0,0,0,2.713268518447876,17.998437500000023,105.62744143569205
3429,2014,5,23,21,30,0,0,0,2.9092438220977783,17.823999023437523,116.8474312899646
3430,2014,5,23,22,30,0,0,0,3.1109066009521484,17.846582031250023,126.41499181904163
3431,2014,5,23,23,30,0,0,0,3.1498644351959233,17.666131591796898,133.2942378326789
3432,2014,5,24,0,30,0,0,0,3.194690704345703,17.504510498046898,136.19408132304216
3433,2014,5,24,1,30,0,0,0,3.2012031078338623,17.466333007812526,134.347913936749
3434,2014,5,24,2,30,0,0,0,3.0739188194274902,17.301416015625026,128.26264756358586
3435,2014,5,24,3,30,0,0,0,2.7944135665893555,17.091668701171898,119.20173333593479
3436,2014,5,24,4,30,0,0,0,2.439608573913574,17.031823730468773,108.28981251882628
3437,2014,5,24,5,30,0,0,0,2.1744318008422847,17.130670166015648,96.25427007011848
3438,2014,5,24,6,30,17,17,0,2.067943811416626,17.540063476562526,83.52190600172379
3439,2014,5,24,7,30,73,73,0,2.009247064590454,18.486169433593773,70.34803587097824
3440,2014,5,24,8,30,134,133,3,1.936123609542847,19.805474853515648,56.88457477475788
3441,2014,5,24,9,30,446,344,140,1.8450584411621092,21.423730468750023,43.2330320835157
3442,2014,5,24,10,30,623,409,245,1.730374813079834,23.072778320312523,29.46779090927032
3443,2014,5,24,11,30,720,443,287,1.6974416971206665,24.016625976562523,15.6705237556816
3444,2014,5,24,12,30,856,366,490,1.7671651840209959,24.142633056640648,2.693203090218873
3445,2014,5,24,13,30,841,357,495,1.9603917598724363,23.98616943359377,12.478287821285688
3446,2014,5,24,14,30,911,126,874,2.297252655029297,23.591058349609398,26.25659293020768
3447,2014,5,24,15,30,758,118,835,2.734452247619629,22.646356201171894,40.03452987717322
3448,2014,5,24,16,30,559,105,767,3.097470760345459,21.498620605468773,53.71309209256813
3449,2014,5,24,17,30,165,151,37,3.2487888336181636,20.346215820312523,67.22020510734708
3450,2014,5,24,18,30,26,26,0,3.143162250518799,19.212121582031273,80.46233668944585
3451,2014,5,24,19,30,0,0,0,3.008427143096924,18.551232910156273,93.30134811199105
3452,2014,5,24,20,30,0,0,0,3.0003986358642583,18.363702392578148,105.50991535714778
3453,2014,5,24,21,30,0,0,0,3.020370960235596,18.264581298828148,116.70992887009704
3454,2014,5,24,22,30,0,0,0,2.9978101253509517,18.090325927734398,126.25554765994428
3455,2014,5,24,23,30,0,0,0,2.88236141204834,17.854547119140648,133.11605315968077
3456,2014,5,25,0,30,0,0,0,2.8490571975708012,17.753289794921898,136.0109644552993
3457,2014,5,25,1,30,0,0,0,2.9249014854431152,17.764184570312523,134.18048036796048
3458,2014,5,25,2,30,0,0,0,3.014512062072754,17.720483398437523,128.12373823734526
3459,2014,5,25,3,30,0,0,0,3.04582142829895,17.619134521484398,119.09237461922352
3460,2014,5,25,4,30,0,0,0,3.03554368019104,17.538964843750026,108.20572945488186
3461,2014,5,25,5,30,0,0,0,3.0443475246429443,17.561181640625026,96.19061744356615
3462,2014,5,25,6,30,30,30,0,3.0944089889526367,17.913049316406273,83.47469438310884
3463,2014,5,25,7,30,126,119,22,3.1488618850708012,18.704644775390648,70.31417314935365
3464,2014,5,25,8,30,355,243,204,3.0941071510314937,19.791192626953148,56.86162348015688
3465,2014,5,25,9,30,427,341,117,2.9531073570251465,20.859735107421894,43.21875468863486
3466,2014,5,25,10,30,571,420,173,2.8038153648376465,21.612512207031273,29.45925286909334
3467,2014,5,25,11,30,815,347,486,2.6969754695892334,22.112329101562523,15.65993795726483
3468,2014,5,25,12,30,911,399,512,2.6467902660369877,22.353784179687523,2.5660038870229016
3469,2014,5,25,13,30,809,366,454,2.672131061553955,22.195031738281273,12.418370407751711
3470,2014,5,25,14,30,734,355,422,2.729134559631348,21.717156982421894,26.203196206889533
3471,2014,5,25,15,30,682,235,583,2.7554361820220947,21.088769531250023,39.976753246376425
3472,2014,5,25,16,30,558,105,764,2.7594552040100098,20.403894042968773,53.64780783242946
3473,2014,5,25,17,30,334,84,642,2.6671571731567383,19.563378906250023,67.14545245271175
3474,2014,5,25,18,30,57,57,0,2.5146942138671875,18.727716064453148,80.3762220841122
3475,2014,5,25,19,30,0,0,0,2.4531641006469727,18.420251464843773,93.20164545029121
3476,2014,5,25,20,30,0,0,0,2.5380573272705083,18.443139648437523,105.39396754816721
3477,2014,5,25,21,30,0,0,0,2.699218273162842,18.381188964843773,116.57486869874306
3478,2014,5,25,22,30,0,0,0,2.8450908660888667,18.244226074218773,126.0996846628672
3479,2014,5,25,23,30,0,0,0,2.870192766189575,18.083093261718773,132.94275988989926
3480,2014,5,26,0,30,0,0,0,2.802711009979248,17.931604003906273,135.83377522886948
3481,2014,5,26,1,30,0,0,0,2.7597427368164062,17.815850830078148,134.01924671097262
3482,2014,5,26,2,30,0,0,0,2.7243471145629883,17.747735595703148,127.99067451636526
3483,2014,5,26,3,30,0,0,0,2.6486172676086426,17.647973632812523,118.98831590607037
3484,2014,5,26,4,30,0,0,0,2.548274040222168,17.549554443359398,108.12643707989916
3485,2014,5,26,5,30,0,0,0,2.489175796508789,17.557550048828148,96.13133749061569
3486,2014,5,26,6,30,16,16,0,2.485291719436645,17.814202880859398,83.43152766094212
3487,2014,5,26,7,30,68,68,0,2.532529354095459,18.497735595703148,70.28411303870625
3488,2014,5,26,8,30,181,174,13,2.608288288116455,19.553308105468773,56.84232047907778
3489,2014,5,26,9,30,393,331,84,2.65420913696289,20.870874023437523,43.20809306268926
3490,2014,5,26,10,30,480,405,86,2.6736879348754883,22.056909179687523,29.454542204058384
3491,2014,5,26,11,30,810,348,480,2.695764303207397,22.61873779296877,15.65422023635793
3492,2014,5,26,12,30,787,433,354,2.687427759170532,22.65145263671877,2.451268924678871
3493,2014,5,26,13,30,528,452,77,2.6382699012756348,22.488946533203148,12.36009875237967
3494,2014,5,26,14,30,791,313,532,2.5756754875183105,22.224389648437523,26.15001984567128
3495,2014,5,26,15,30,602,319,368,2.5555992126464844,21.840631103515648,39.91893446511829
3496,2014,5,26,16,30,455,234,372,2.572577953338623,21.260827636718773,53.58253041812471
3497,2014,5,26,17,30,333,84,638,2.5478169918060303,20.511499023437523,67.07091455445216
3498,2014,5,26,18,30,117,46,420,2.576274871826172,19.713861083984398,80.29065665422443
3499,2014,5,26,19,30,0,0,0,2.6895534992218018,19.105065917968773,93.10296338005723
3500,2014,5,26,20,30,0,0,0,2.7528605461120605,18.866052246093773,105.279684793211
3501,2014,5,26,21,30,0,0,0,2.748035430908203,18.833673095703148,116.44234629549881
3502,2014,5,26,22,30,0,0,0,2.7475481033325195,18.860070800781273,125.9474986180901
3503,2014,5,26,23,30,0,0,0,2.760014533996582,18.843896484375023,132.7744404771577
3504,2014,5,27,0,30,0,0,0,2.7109317779541016,18.795678710937523,135.66257406668976
3505,2014,5,27,1,30,0,0,0,2.584303379058838,18.715173339843773,133.8642571460752
3506,2014,5,27,2,30,0,0,0,2.400670289993286,18.566461181640648,127.86348943506084
3507,2014,5,27,3,30,0,0,0,2.1579222679138184,18.358087158203148,118.88957714729355
3508,2014,5,27,4,30,0,0,0,1.7921459674835205,18.099786376953148,108.05193994446056
3509,2014,5,27,5,30,0,0,0,1.3706204891204834,18.008569335937523,96.07641848868722
3510,2014,5,27,6,30,68,38,263,1.1202503442764282,18.478814697265648,83.39237747925027
3511,2014,5,27,7,30,282,77,607,1.0978574752807615,19.827416992187523,70.2578096176464
3512,2014,5,27,8,30,511,99,752,1.1456871032714844,22.092462158203148,56.82659995010796
3513,2014,5,27,9,30,719,114,829,1.0981401205062866,24.02034912109377,43.200955836028996
3514,2014,5,27,10,30,885,124,873,0.9643592834472656,24.892144775390648,29.453527396227173
3515,2014,5,27,11,30,995,130,897,0.8551411628723145,25.356683349609398,15.653148123654802
3516,2014,5,27,12,30,1039,133,906,0.8355835676193237,25.645257568359398,2.3495513272730904
3517,2014,5,27,13,30,1013,132,902,0.9711886644363404,26.009698486328148,12.303316589891908
3518,2014,5,27,14,30,827,328,555,1.2969019412994385,26.028283691406273,26.097018175927644
3519,2014,5,27,15,30,730,193,700,1.727337121963501,25.352105712890648,39.86107235637954
3520,2014,5,27,16,30,239,224,25,2.1093721389770512,24.26424560546877,53.51728519817574
3521,2014,5,27,17,30,172,155,44,2.337286949157715,22.846307373046894,66.99663627952465
3522,2014,5,27,18,30,108,56,305,2.4122090339660645,21.267205810546894,80.20570143391137
3523,2014,5,27,19,30,0,0,0,2.362338066101074,20.071374511718773,93.00537704958886
3524,2014,5,27,20,30,0,0,0,2.223557949066162,19.346765136718773,105.16715418068657
3525,2014,5,27,21,30,0,0,0,2.093546152114868,18.877313232421894,116.31245663809135
3526,2014,5,27,22,30,0,0,0,1.9907331466674805,18.803552246093773,125.79908395151358
3527,2014,5,27,23,30,0,0,0,1.9331133365631104,18.858178710937523,132.6111755501181
3528,2014,5,28,0,30,0,0,0,1.9621217250823972,18.818444824218773,135.49741950251683
3529,2014,5,28,1,30,0,0,0,2.0220000743865967,18.725793457031273,133.71555365014478
3530,2014,5,28,2,30,0,0,0,1.9683624505996704,18.588281250000023,127.7422133076153
3531,2014,5,28,3,30,0,0,0,1.777535915374756,18.416070556640648,118.79617526603901
3532,2014,5,28,4,30,0,0,0,1.586693525314331,18.262048339843773,107.98223949758447
3533,2014,5,28,5,30,0,0,0,1.4585983753204346,18.291040039062523,96.0258456831138
3534,2014,5,28,6,30,69,38,266,1.3075408935546875,18.945336914062523,83.35721260356223
3535,2014,5,28,7,30,284,77,610,1.0906766653060913,20.876214599609398,70.23521430691963
3536,2014,5,28,8,30,514,100,756,1.1849067211151123,23.44124755859377,56.814393696376975
3537,2014,5,28,9,30,723,115,834,1.5052868127822876,25.525933837890648,43.197249625663396
3538,2014,5,28,10,30,890,125,879,1.604031324386597,27.027276611328148,29.45607534892301
3539,2014,5,28,11,30,1000,131,902,1.5647974014282229,27.891381835937523,15.656497035218052
3540,2014,5,28,12,30,1044,133,911,1.5256943702697754,28.121636962890648,2.261315659852116
3541,2014,5,28,13,30,755,452,310,1.52173912525177,27.710687255859398,12.247872165240395
3542,2014,5,28,14,30,921,128,883,1.5717029571533203,27.137078857421894,26.04414977549389
3543,2014,5,28,15,30,766,119,842,1.7882981300354004,26.518914794921894,39.80316913303489
3544,2014,5,28,16,30,565,106,772,2.244370698928833,25.413323974609398,53.45210026770765
3545,2014,5,28,17,30,339,85,648,2.6843395233154297,23.834985351562523,66.92266467350447
3546,2014,5,28,18,30,121,48,427,2.891571044921875,22.048364257812523,80.12141906033989
3547,2014,5,28,19,30,0,0,0,2.860569477081299,20.674615478515648,92.90896257100974
3548,2014,5,28,20,30,0,0,0,2.666315078735352,19.835565185546894,105.05646302045194
3549,2014,5,28,21,30,0,0,0,2.4253604412078857,19.455041503906273,116.18529408422813
3550,2014,5,28,22,30,0,0,0,2.123725175857544,19.412713623046894,125.65453366639855
3551,2014,5,28,23,30,0,0,0,1.7495548725128174,19.289117431640648,132.45304387609784
3552,2014,5,29,0,30,0,0,0,1.3587775230407717,19.012750244140648,135.33836814923512
3553,2014,5,29,1,30,0,0,0,1.1230835914611816,18.862817382812523,133.57317597192736
3554,2014,5,29,2,30,0,0,0,1.0827637910842896,18.818261718750023,127.62687371740627
3555,2014,5,29,3,30,0,0,0,1.0966991186141968,18.677026367187523,118.70812415985985
3556,2014,5,29,4,30,0,0,0,1.1411136388778689,18.478570556640648,107.91733410343143
3557,2014,5,29,5,30,0,0,0,1.223100662231445,18.385400390625023,95.97960132276995
3558,2014,5,29,6,30,68,38,260,1.20166277885437,18.814111328125023,83.32599898031637
3559,2014,5,29,7,30,279,77,598,0.8718789219856262,20.039575195312523,70.21627595851405
3560,2014,5,29,8,30,506,99,743,0.5987231731414795,21.757043457031273,56.80563127509723
3561,2014,5,29,9,30,712,114,820,0.7896480560302734,23.423150634765648,43.19687922955345
3562,2014,5,29,10,30,877,124,864,1.1379724740982056,24.652886962890648,29.462051721749525
3563,2014,5,29,11,30,985,130,887,1.4102818965911863,24.781549072265648,15.664041215844447
3564,2014,5,29,12,30,1027,132,895,1.6749407052993774,24.451074218750023,2.1868910643056982
3565,2014,5,29,13,30,1001,131,889,1.947652816772461,24.30184326171877,12.193618754705868
3566,2014,5,29,14,30,582,434,164,2.2492456436157227,23.89534912109377,25.991377581793408
3567,2014,5,29,15,30,607,317,377,2.5452704429626465,23.166894531250023,39.74523042820444
3568,2014,5,29,16,30,559,105,761,2.7726857662200928,22.133386230468773,53.38700645755157
3569,2014,5,29,17,30,337,85,640,2.834388256072998,20.955865478515648,66.84904892121969
3570,2014,5,29,18,30,43,43,0,2.7598497867584233,19.765313720703148,80.0378737130237
3571,2014,5,29,19,30,0,0,0,2.6300363540649414,18.914178466796894,92.81379694443415
3572,2014,5,29,20,30,0,0,0,2.439800500869751,18.594903564453148,104.94769876093143
3573,2014,5,29,21,30,0,0,0,2.2973361015319824,18.652062988281273,116.06095229418987
3574,2014,5,29,22,30,0,0,0,2.232058525085449,18.750451660156273,125.51393928603224
3575,2014,5,29,23,30,0,0,0,2.1399734020233154,18.651544189453148,132.3001223253347
3576,2014,5,30,0,30,0,0,0,1.974119544029236,18.447900390625023,135.185474667855
3577,2014,5,30,1,30,0,0,0,1.8117114305496216,18.252038574218773,133.43716160824485
3578,2014,5,30,2,30,0,0,0,1.680469036102295,18.036218261718773,127.51749550750372
3579,2014,5,30,3,30,0,0,0,1.565134048461914,17.811364746093773,118.62543470441263
3580,2014,5,30,4,30,0,0,0,1.4787386655807495,17.581658935546898,107.8572190603497
3581,2014,5,30,5,30,0,0,0,1.4225809574127195,17.566491699218773,95.93766469855758
3582,2014,5,30,6,30,22,22,0,1.349799394607544,18.165979003906273,83.29869979927055
3583,2014,5,30,7,30,89,89,0,1.21663498878479,19.501092529296894,70.20094094758292
3584,2014,5,30,8,30,88,88,0,1.088603973388672,21.265924072265648,56.80024012949986
3585,2014,5,30,9,30,235,223,17,1.1054377555847168,23.007257080078148,43.199747821615546
3586,2014,5,30,10,30,379,346,37,1.2271273136138916,24.546624755859398,29.471321260899664
3587,2014,5,30,11,30,629,471,163,1.2821941375732422,25.858789062500023,15.675554650326871
3588,2014,5,30,12,30,725,476,250,1.2741951942443848,26.672143554687523,2.1264239283375304
3589,2014,5,30,13,30,1007,132,894,1.3035699129104614,26.793908691406273,12.140415163158766
3590,2014,5,30,14,30,913,127,874,1.4253268241882324,26.221246337890648,25.938668996608328
3591,2014,5,30,15,30,258,245,17,1.7120682001113892,25.048516845703148,39.68726532102042
3592,2014,5,30,16,30,195,189,9,2.1754226684570312,23.469201660156273,53.322037319555314
3593,2014,5,30,17,30,277,145,336,2.6732776165008545,21.618280029296894,66.77584030448952
3594,2014,5,30,18,30,89,65,135,2.8974146842956543,19.856774902343773,79.95513105090922
3595,2014,5,30,19,30,0,0,0,2.8553762435913086,18.864739990234398,92.719957980611
3596,2014,5,30,20,30,0,0,0,2.6822621822357178,18.604058837890648,104.84094890573934
3597,2014,5,30,21,30,0,0,0,2.4558613300323486,18.509210205078148,115.93952415380208
3598,2014,5,30,22,30,0,0,0,2.2184522151947017,18.452203369140648,125.37739079730221
3599,2014,5,30,23,30,0,0,0,1.9543886184692385,18.331445312500023,132.1524858358937
3600,2014,5,31,0,30,0,0,0,1.7477595806121826,18.203240966796894,135.03879173730286
3601,2014,5,31,1,30,0,0,0,1.5681363344192505,18.156213378906273,133.30754578119985
3602,2014,5,31,2,30,0,0,0,1.3928570747375488,18.040155029296894,127.41410077235706
3603,2014,5,31,3,30,0,0,0,1.252211093902588,17.872705078125023,118.54811475891195
3604,2014,5,31,4,30,0,0,0,1.2859996557235718,17.760064697265648,107.801886622288
3605,2014,5,31,5,30,0,0,0,1.4513099193572998,17.891503906250023,95.90001218457512
3606,2014,5,31,6,30,70,39,270,1.5494016408920288,18.498498535156273,83.27527555881433
3607,2014,5,31,7,30,217,135,242,1.4913281202316284,19.863610839843773,70.18915326716544
3608,2014,5,31,8,30,517,100,759,1.1985039710998535,22.035485839843773,56.79814572261756
3609,2014,5,31,9,30,727,115,838,0.8339058160781859,24.426477050781273,43.20575714669658
3610,2014,5,31,10,30,894,125,882,0.7543013095855713,26.221673583984398,29.48374812362948
3611,2014,5,31,11,30,405,373,33,1.0124857425689695,27.049737548828148,15.690811937009116
3612,2014,5,31,12,30,892,426,466,1.4272713661193848,27.145013427734398,2.0798372493199224
3613,2014,5,31,13,30,485,433,53,1.9002565145492556,26.684991455078148,12.088126197445336
3614,2014,5,31,14,30,427,385,46,2.407883644104004,25.789941406250023,25.885995984854215
3615,2014,5,31,15,30,254,241,16,2.908268928527832,24.557153320312523,39.629286358067326
3616,2014,5,31,16,30,162,161,2,3.3218877315521236,23.034356689453148,53.25722910804409
3617,2014,5,31,17,30,344,86,652,3.409071445465088,21.493951416015648,66.7030921565073
3618,2014,5,31,18,30,126,49,433,3.1485013961791988,20.163903808593773,79.87325814701717
3619,2014,5,31,19,30,0,0,0,2.80672025680542,19.167108154296894,92.6275242223747
3620,2014,5,31,20,30,0,0,0,2.5318856239318848,18.731744384765648,104.73630093012581
3621,2014,5,31,21,30,0,0,0,2.2777211666107178,18.662927246093773,115.82110169817976
3622,2014,5,31,22,30,0,0,0,1.950813889503479,18.506250000000023,125.244976595034
3623,2014,5,31,23,30,0,0,0,1.5383734703063965,18.194573974609398,132.01020737902007
3624,2014,6,1,0,30,0,0,0,1.1911566257476809,17.963708496093773,134.8983700250217
3625,2014,6,1,1,30,0,0,0,0.9239848256111144,17.849328613281273,133.1843614163923
3626,2014,6,1,2,30,0,0,0,0.7381564974784851,17.669610595703148,127.31670885059387
3627,2014,6,1,3,30,0,0,0,0.9400991201400756,17.329309082031273,118.47616917341999
3628,2014,6,1,4,30,0,0,0,1.398997783660889,17.077264404296898,107.75132602267132
3629,2014,6,1,5,30,0,0,0,1.7366983890533447,17.140039062500026,95.86661728219013
3630,2014,6,1,6,30,71,39,273,1.896481990814209,17.856622314453148,83.25568413409755
3631,2014,6,1,7,30,288,78,617,1.9149999618530276,19.525537109375023,70.18085462531864
3632,2014,6,1,8,30,520,101,765,1.677420139312744,21.834771728515648,56.79927167280502
3633,2014,6,1,9,30,732,116,845,1.2907664775848389,24.230187988281273,43.21480771516335
3634,2014,6,1,10,30,902,126,891,1.0866272449493408,26.223352050781273,29.499196195879826
3635,2014,6,1,11,30,1013,132,914,1.1550981998443604,27.595239257812523,15.709589118616279
3636,2014,6,1,12,30,1055,135,921,1.3862812519073486,28.246240234375023,2.04680457339326
3637,2014,6,1,13,30,778,447,338,1.676149845123291,28.179467773437523,12.036623116307835
3638,2014,6,1,14,30,300,282,20,2.0892081260681152,27.316033935546894,25.8333351672821
3639,2014,6,1,15,30,478,370,139,2.6480445861816406,25.761712646484398,39.571309570309744
3640,2014,6,1,16,30,571,107,774,3.171141624450684,23.843072509765648,53.192620757518256
3641,2014,6,1,17,30,345,86,652,3.3609180450439453,21.924035644531273,66.63085981319276
3642,2014,6,1,18,30,105,63,237,3.25844955444336,20.358117675781273,79.79232342090457
3643,2014,6,1,19,30,0,0,0,3.1093361377716064,19.338677978515648,92.5365748646579
3644,2014,6,1,20,30,0,0,0,2.882755756378174,18.679925537109398,104.63384219718432
3645,2014,6,1,21,30,0,0,0,2.5909481048583984,18.224389648437523,115.70577603612742
3646,2014,6,1,22,30,0,0,0,2.3545663356781006,18.004724121093773,125.11678342746086
3647,2014,6,1,23,30,0,0,0,2.1238489151000977,17.845727539062523,131.8733579252295
3648,2014,6,2,0,30,0,0,0,1.832125186920166,17.539300537109398,134.7642581584491
3649,2014,6,2,1,30,0,0,0,1.548384428024292,17.236901855468773,133.0676391222374
3650,2014,6,2,2,30,0,0,0,1.3433377742767334,17.226831054687526,127.2253363191182
3651,2014,6,2,3,30,0,0,0,1.1485235691070557,17.248284912109398,118.40959979777222
3652,2014,6,2,4,30,0,0,0,0.9243221879005432,17.133111572265648,107.70552350042414
3653,2014,6,2,5,30,0,0,0,0.8053140640258789,17.286584472656273,95.83745066662287
3654,2014,6,2,6,30,72,39,275,0.6684831380844116,18.264306640625023,83.23988084788559
3655,2014,6,2,7,30,91,91,0,0.4098767638206482,20.171441650390648,70.175984544673
3656,2014,6,2,8,30,519,101,762,0.4975742697715759,22.073052978515648,56.80353989052617
3657,2014,6,2,9,30,728,116,840,0.9581258296966552,23.578424072265648,43.226798996290114
3658,2014,6,2,10,30,552,428,141,1.3937188386917114,24.967645263671894,29.51752940183482
3659,2014,6,2,11,30,1004,132,906,1.802276849746704,25.959191894531273,15.73166446643046
3660,2014,6,2,12,30,798,467,330,2.2657511234283447,26.220666503906273,2.0267449197610574
3661,2014,6,2,13,30,1021,133,907,2.7665600776672363,25.76741943359377,11.985784057618543
3662,2014,6,2,14,30,927,129,886,3.228734970092773,24.916040039062523,25.780667907230324
3663,2014,6,2,15,30,523,369,199,3.6033632755279537,23.885461425781273,39.51335448553408
3664,2014,6,2,16,30,575,107,779,3.84622859954834,22.781671142578148,53.12825385658456
3665,2014,6,2,17,30,349,87,659,3.739137172698975,21.522698974609398,66.55920056150339
3666,2014,6,2,18,30,129,50,441,3.431587219238281,20.190881347656273,79.71239656877628
3667,2014,6,2,19,30,0,0,0,3.21677303314209,19.310601806640648,92.44718967334778
3668,2014,6,2,20,30,0,0,0,3.016830921173096,18.742730712890648,104.53365987391605
3669,2014,6,2,21,30,0,0,0,2.7892699241638184,17.962060546875023,115.59363727526171
3670,2014,6,2,22,30,0,0,0,2.5044913291931152,17.020867919921898,124.99289634246014
3671,2014,6,2,23,30,0,0,0,2.1596555709838867,16.155847167968773,131.74200641100606
3672,2014,6,3,0,30,0,0,0,1.7552977800369265,15.809228515625026,134.63650269744542
3673,2014,6,3,1,30,0,0,0,1.2804759740829468,15.83501586914065,132.9574071704063
3674,2014,6,3,2,30,0,0,0,0.8450239896774292,15.83477172851565,127.13999698843605
3675,2014,6,3,3,30,0,0,0,0.5257225036621094,15.93731079101565,118.34840549242055
3676,2014,6,3,4,30,0,0,0,0.2744547724723816,16.067956542968773,107.6644623285488
3677,2014,6,3,5,30,0,0,0,0.1134774088859558,16.236627197265648,95.81248023629853
3678,2014,6,3,6,30,72,40,277,0.11252924799919127,16.935815429687526,83.22781854389078
3679,2014,6,3,7,30,288,78,617,0.5191265940666199,18.611016845703148,70.17448046402853
3680,2014,6,3,8,30,517,101,759,1.1640653610229492,20.921533203125023,56.81087071618361
3681,2014,6,3,9,30,723,116,833,1.6408981084823608,22.85555419921877,43.24162961037435
3682,2014,6,3,10,30,887,125,875,1.9676501750946045,24.175195312500023,29.538612004992608
3683,2014,6,3,11,30,994,131,896,2.237734317779541,25.105004882812523,15.756819215107642
3684,2014,6,3,12,30,1036,134,902,2.5022826194763184,25.56014404296877,2.0188414061326085
3685,2014,6,3,13,30,700,471,233,2.7584004402160645,25.428735351562523,11.935494443948555
3686,2014,6,3,14,30,916,128,874,3.0632166862487797,24.639367675781273,25.72798039133609
3687,2014,6,3,15,30,764,120,834,3.3742880821228027,23.348016357421894,39.45544413612463
3688,2014,6,3,16,30,567,107,765,3.5072453022003174,21.879327392578148,53.064172617926225
3689,2014,6,3,17,30,344,86,646,3.309504270553589,20.573937988281273,66.48817358455966
3690,2014,6,3,18,30,128,51,427,2.880547046661377,19.463708496093773,79.63354849150844
3691,2014,6,3,19,30,0,0,0,2.5258517265319824,18.674523925781273,92.35944890297459
3692,2014,6,3,20,30,0,0,0,2.3239564895629883,18.204644775390648,104.43584084713407
3693,2014,6,3,21,30,0,0,0,2.186037302017212,18.036614990234398,115.48477444781695
3694,2014,6,3,22,30,0,0,0,2.038928270339966,17.967065429687523,124.8733986347908
3695,2014,6,3,23,30,0,0,0,1.7557984590530396,17.625726318359398,131.61621970622886
3696,2014,6,4,0,30,0,0,0,1.3083914518356323,17.269586181640648,134.51514810769433
3697,2014,6,4,1,30,0,0,0,0.9370142221450806,17.128533935546898,132.85369147746496
3698,2014,6,4,2,30,0,0,0,0.6320800185203552,16.908563232421898,127.06070189933668
3699,2014,6,4,3,30,0,0,0,0.5399797558784485,16.501519775390648,118.29258214110929
3700,2014,6,4,4,30,0,0,0,0.8542447090148926,15.990014648437526,107.62812284493788
3701,2014,6,4,5,30,0,0,0,1.2439361810684204,16.202905273437526,95.79167116468464
3702,2014,6,4,6,30,71,39,272,1.3399696350097656,17.728540039062523,83.2194476626933
3703,2014,6,4,7,30,285,78,611,1.0252491235733032,19.977868652343773,70.1762778419972
3704,2014,6,4,8,30,514,101,755,0.5208002328872681,22.405694580078148,56.821183058759644
3705,2014,6,4,9,30,722,116,832,0.3293217420578003,24.518792724609398,43.25919751882999
3706,2014,6,4,10,30,888,126,875,0.5618160963058472,26.118920898437523,29.56230889967072
3707,2014,6,4,11,30,997,132,899,0.9419965744018556,27.159326171875023,15.784838246073775
3708,2014,6,4,12,30,1040,134,906,1.4193456172943115,27.467584228515648,2.0220814094761717
3709,2014,6,4,13,30,1014,133,900,1.955228567123413,27.058038330078148,11.885647367337155
3710,2014,6,4,14,30,921,129,879,2.514103412628174,26.128289794921894,25.675263704384278
3711,2014,6,4,15,30,769,120,839,3.0212709903717037,24.786279296875023,39.39760506227674
3712,2014,6,4,16,30,571,107,770,3.38543963432312,23.141778564453148,53.00042384445413
3713,2014,6,4,17,30,347,87,651,3.4105653762817383,21.437097167968773,66.41783990377236
3714,2014,6,4,18,30,116,59,314,3.176997184753418,20.031823730468773,79.55585122045049
3715,2014,6,4,19,30,0,0,0,2.994048595428467,19.387017822265648,92.27343321326269
3716,2014,6,4,20,30,0,0,0,2.7514328956604004,19.050988769531273,104.34047163940457
3717,2014,6,4,21,30,0,0,0,2.5240478515625,18.646081542968773,115.3792754373296
3718,2014,6,4,22,30,0,0,0,2.401207447052002,18.454858398437523,124.7583717943747
3719,2014,6,4,23,30,0,0,0,2.1410725116729736,18.141656494140648,131.4960625823168
3720,2014,6,5,0,30,0,0,0,1.7988824844360352,17.789971923828148,134.4002367351367
3721,2014,6,5,1,30,0,0,0,1.555492639541626,17.766961669921898,132.75651558774146
3722,2014,6,5,2,30,0,0,0,1.3695533275604248,17.764550781250023,126.98745932093384
3723,2014,6,5,3,30,0,0,0,1.1469130516052246,17.584497070312526,118.2421226653162
3724,2014,6,5,4,30,0,0,0,0.9656039476394652,17.476617431640648,107.59648248548126
3725,2014,6,5,5,30,0,0,0,0.8595991134643555,17.578424072265648,95.77498595475784
3726,2014,6,5,6,30,70,39,267,0.7886728644371033,18.326867675781273,83.21471632000022
3727,2014,6,5,7,30,127,119,21,0.7621338367462158,19.899407958984398,70.18131026231764
3728,2014,6,5,8,30,149,146,5,0.8178526759147644,21.656823730468773,56.83439453479144
3729,2014,6,5,9,30,714,115,822,0.88848876953125,23.064935302734398,43.279400211926315
3730,2014,6,5,10,30,664,387,317,0.8805039525032043,24.100030517578148,29.58848589256448
3731,2014,6,5,11,30,985,131,887,0.8887404203414917,24.654260253906273,15.815510718511705
3732,2014,6,5,12,30,1027,133,894,1.0577913522720337,24.573907470703148,2.035311744911141
3733,2014,6,5,13,30,1002,132,888,1.4029688835144043,24.014428710937523,11.836143954841518
3734,2014,6,5,14,30,527,430,108,1.7976412773132324,23.305718994140648,25.622513898130695
3735,2014,6,5,15,30,761,120,829,2.170217990875244,22.637689208984398,39.33986731041485
3736,2014,6,5,16,30,567,107,762,2.495056629180908,21.775659179687523,52.93705689150424
3737,2014,6,5,17,30,345,87,644,2.746435642242432,20.672692871093773,66.34826231789657
3738,2014,6,5,18,30,97,68,157,2.8907999992370605,19.654931640625023,79.47937784126442
3739,2014,6,5,19,30,0,0,0,2.8904972076416016,19.118127441406273,92.18922358477242
3740,2014,6,5,20,30,0,0,0,2.834934949874878,18.898095703125023,104.24763832510344
3741,2014,6,5,21,30,0,0,0,2.673095226287842,18.589379882812523,115.27722690612906
3742,2014,6,5,22,30,0,0,0,2.3704943656921387,18.319573974609398,124.64789545548672
3743,2014,6,5,23,30,0,0,0,2.0875484943389893,18.049859619140648,131.38159768123379
3744,2014,6,6,0,30,0,0,0,1.7569465637207031,17.685876464843773,134.29180878150532
3745,2014,6,6,1,30,0,0,0,1.423914670944214,17.514855957031273,132.6659006574393
3746,2014,6,6,2,30,0,0,0,1.172982931137085,17.413354492187526,126.92027475004446
3747,2014,6,6,3,30,0,0,0,0.9105457067489624,17.217675781250026,118.19701704057243
3748,2014,6,6,4,30,0,0,0,0.6649138927459717,17.072381591796898,107.56951581949735
3749,2014,6,6,5,30,0,0,0,0.4923515915870666,17.124810791015648,95.76238449573981
3750,2014,6,6,6,30,70,39,265,0.4530075490474701,17.728906250000023,83.21357038697592
3751,2014,6,6,7,30,281,78,600,0.616290807723999,19.349938964843773,70.18950954067373
3752,2014,6,6,8,30,387,233,282,0.9039520025253296,21.231469726562523,56.85042160755985
3753,2014,6,6,9,30,604,254,480,1.1898951530456543,22.819818115234398,43.30213489379341
3754,2014,6,6,10,30,591,416,201,1.5102379322052002,24.113549804687523,29.617009973565807
3755,2014,6,6,11,30,667,461,214,1.8853645324707031,24.709436035156273,15.848630647407743
3756,2014,6,6,12,30,342,315,26,2.271365165710449,24.636773681640648,2.0573000333704954
3757,2014,6,6,13,30,479,425,54,2.683927297592163,23.949517822265648,11.786893716233735
3758,2014,6,6,14,30,691,397,325,3.0611844062805176,22.853997802734398,25.56973205418096
3759,2014,6,6,15,30,758,120,824,3.313838481903076,21.654840087890648,39.2822644268531
3760,2014,6,6,16,30,356,273,138,3.4250299930572514,20.479394531250023,52.87412362521771
3761,2014,6,6,17,30,94,94,0,3.3952851295471187,19.350579833984398,66.27950533914651
3762,2014,6,6,18,30,73,69,20,3.3455305099487305,18.484246826171894,79.40420241574799
3763,2014,6,6,19,30,0,0,0,3.322585105895996,17.980126953125023,92.10690123360115
3764,2014,6,6,20,30,0,0,0,3.249422311782837,17.673211669921898,104.15742644643292
3765,2014,6,6,21,30,0,0,0,3.1579062938690186,17.430749511718773,115.17871422367638
3766,2014,6,6,22,30,0,0,0,3.040623664855957,17.205133056640648,124.542047347016
3767,2014,6,6,23,30,0,0,0,2.8040308952331543,16.834924316406273,131.27288548529035
3768,2014,6,7,0,30,0,0,0,2.466686964035034,16.422052001953148,134.18990228099292
3769,2014,6,7,1,30,0,0,0,2.1872892379760738,16.290368652343773,132.5818654400972
3770,2014,6,7,2,30,0,0,0,1.92273473739624,16.182824707031273,126.8591509120688
3771,2014,6,7,3,30,0,0,0,1.5541124343872068,15.971643066406275,118.15725231469965
3772,2014,6,7,4,30,0,0,0,1.1772136688232422,15.992578125000026,107.54719458742358
3773,2014,6,7,5,30,0,0,0,0.9155919551849364,16.312585449218773,95.75382412229851
3774,2014,6,7,6,30,48,40,71,0.8200855851173401,17.044763183593773,83.21595357278909
3775,2014,6,7,7,30,194,139,162,0.820252537727356,18.589227294921894,70.20080583293385
3776,2014,6,7,8,30,428,210,397,0.8317897319793701,20.589440917968773,56.86917972609505
3777,2014,6,7,9,30,430,344,118,0.943588376045227,22.64168701171877,43.327298664253725
3778,2014,6,7,10,30,565,425,160,1.1946868896484375,24.448632812500023,29.647749575726472
3779,2014,6,7,11,30,422,386,37,1.4644267559051514,25.671014404296894,15.883997429284534
3780,2014,6,7,12,30,682,493,189,1.689372181892395,26.360101318359398,2.0867936755246888
3781,2014,6,7,13,30,692,476,220,1.8644814491271973,26.210412597656273,11.737814875116966
3782,2014,6,7,14,30,920,129,876,2.05745530128479,25.266534423828148,25.516924340806714
3783,2014,6,7,15,30,769,120,836,2.3832476139068604,24.057763671875023,39.22483344654388
3784,2014,6,7,16,30,572,107,768,2.746966361999512,22.813409423828148,52.811678376815074
3785,2014,6,7,17,30,349,87,649,2.960278987884521,21.384423828125023,66.2116351262884
3786,2014,6,7,18,30,132,52,430,2.987534284591675,19.971582031250023,79.33039990166256
3787,2014,6,7,19,30,0,0,0,2.983482837677002,19.177575683593773,92.02654752518127
3788,2014,6,7,20,30,0,0,0,2.9992380142211914,18.884088134765648,104.06992092977708
3789,2014,6,7,21,30,0,0,0,2.9608254432678223,18.573724365234398,115.08382139586041
3790,2014,6,7,22,30,0,0,0,2.841688394546509,18.316217041015648,124.44090324381271
3791,2014,6,7,23,30,0,0,0,2.6564741134643555,18.081475830078148,131.16998428785186
3792,2014,6,8,0,30,0,0,0,2.3850622177124023,17.765008544921898,134.09455307809029
3793,2014,6,8,1,30,0,0,0,2.1353716850280757,17.638879394531273,132.50442627337495
3794,2014,6,8,2,30,0,0,0,1.98272442817688,17.593865966796898,126.80408776327222
3795,2014,6,8,3,30,0,0,0,1.7973244190216064,17.446405029296898,118.1228126278332
3796,2014,6,8,4,30,0,0,0,1.5979607105255127,17.327172851562526,107.52948774071994
3797,2014,6,8,5,30,0,0,0,1.5080904960632324,17.399407958984398,95.74925967613024
3798,2014,6,8,6,30,23,23,0,1.5860371589660645,17.922967529296898,83.22180750911461
3799,2014,6,8,7,30,94,94,0,1.7391107082366943,19.273187255859398,70.21512774446765
3800,2014,6,8,8,30,243,220,42,1.920163869857788,21.056298828125023,56.89058346382167
3801,2014,6,8,9,30,544,326,300,2.0657796859741206,22.526513671875023,43.354788697221146
3802,2014,6,8,10,30,438,387,58,2.1611790657043457,23.667718505859398,29.680574823739327
3803,2014,6,8,11,30,529,453,79,2.321707010269165,24.577142333984398,15.921416316440373
3804,2014,6,8,12,30,857,393,464,2.5062673091888428,25.03499755859377,2.122570074727846
3805,2014,6,8,13,30,1015,134,899,2.60861873626709,24.869287109375023,11.688834685162758
3806,2014,6,8,14,30,923,129,879,2.6206164360046387,24.277886962890648,25.464102063636123
3807,2014,6,8,15,30,773,121,840,2.6491756439208984,23.351495361328148,39.16761487689021
3808,2014,6,8,16,30,576,108,773,2.7203876972198486,22.230828857421894,52.74977789299482
3809,2014,6,8,17,30,353,88,654,2.674929618835449,21.009210205078148,66.14471941474707
3810,2014,6,8,18,30,134,53,436,2.5153350830078125,19.789788818359398,79.25804607071026
3811,2014,6,8,19,30,0,0,0,2.398655414581299,18.937036132812523,91.94824388732695
3812,2014,6,8,20,30,0,0,0,2.35494327545166,18.569848632812523,103.9852060022274
3813,2014,6,8,21,30,0,0,0,2.360659599304199,18.530328369140648,114.99263099527758
3814,2014,6,8,22,30,0,0,0,2.2949998378753658,18.408868408203148,124.34453691907123
3815,2014,6,8,23,30,0,0,0,2.0960187911987305,18.143182373046894,131.0729501649866
3816,2014,6,9,0,30,0,0,0,1.930193901062012,18.000054931640648,134.00579480667577
3817,2014,6,9,1,30,0,0,0,1.7508149147033691,17.774804687500023,132.43359706722984
3818,2014,6,9,2,30,0,0,0,1.6376852989196775,17.599572753906273,126.75508249456787
3819,2014,6,9,3,30,0,0,0,1.6160271167755127,17.532342529296898,118.09367923433491
3820,2014,6,9,4,30,0,0,0,1.5600664615631104,17.308435058593773,107.51636148400276
3821,2014,6,9,5,30,0,0,0,1.5163366794586182,17.241418457031273,95.74864356957123
3822,2014,6,9,6,30,40,37,27,1.6320136785507202,17.835748291015648,83.23107183638456
3823,2014,6,9,7,30,162,136,77,1.7578096389770508,19.291619873046894,70.23240244050149
3824,2014,6,9,8,30,136,134,3,1.6397907733917236,21.250604248046894,56.91454665655486
3825,2014,6,9,9,30,720,116,831,1.4471254348754885,23.591668701171894,43.384502415331056
3826,2014,6,9,10,30,886,126,875,1.3228347301483154,25.677789306640648,29.715357770906035
3827,2014,6,9,11,30,996,132,898,1.3594425916671753,26.674249267578148,15.960698841141904
3828,2014,6,9,12,30,1040,135,905,1.5662031173706057,26.839715576171894,2.1634747924329787
3829,2014,6,9,13,30,1015,134,899,1.879855155944824,26.542260742187523,11.639889732932986
3830,2014,6,9,14,30,924,129,879,2.1633388996124268,25.75789794921877,25.41128171013
3831,2014,6,9,15,30,773,121,840,2.3384478092193604,24.531365966796894,39.110652676408066
3832,2014,6,9,16,30,576,108,772,2.405325412750244,23.308862304687523,52.688481282325604
3833,2014,6,9,17,30,354,88,655,2.374802589416504,22.138208007812523,66.07882744390146
3834,2014,6,9,18,30,118,64,288,2.297606945037842,21.017572021484398,79.18721742483227
3835,2014,6,9,19,30,0,0,0,2.169534683227539,20.310479736328148,91.87207172270121
3836,2014,6,9,20,30,0,0,0,2.0698499679565434,20.138879394531273,103.90336510851546
3837,2014,6,9,21,30,0,0,0,2.031637191772461,20.217095947265648,114.90522409240826
3838,2014,6,9,22,30,0,0,0,1.9710490703582764,20.105523681640648,124.25302009783259
3839,2014,6,9,23,30,0,0,0,1.8092262744903564,19.928521728515648,130.98183694811956
3840,2014,6,10,0,30,0,0,0,1.5390366315841677,19.894586181640648,133.92365887036738
3841,2014,6,10,1,30,0,0,0,1.2530487775802612,19.854119873046894,132.36938929348213
3842,2014,6,10,2,30,0,0,0,0.9989179372787476,19.770440673828148,126.71212953674141
3843,2014,6,10,3,30,0,0,0,0.738113284111023,19.657617187500023,118.06983052660804
3844,2014,6,10,4,30,0,0,0,0.5071197152137756,19.503625488281273,107.50777931930536
3845,2014,6,10,5,30,0,0,0,0.4386880397796631,19.515863037109398,95.75192585144264
3846,2014,6,10,6,30,43,38,38,0.5411741733551025,20.007409667968773,83.24368429174535
3847,2014,6,10,7,30,172,138,100,0.7220770716667175,20.967584228515648,70.25255575704725
3848,2014,6,10,8,30,257,227,54,0.8382453322410583,22.154779052734398,56.940982539517755
3849,2014,6,10,9,30,458,346,153,0.8955888748168945,23.285455322265648,43.416337660430756
3850,2014,6,10,10,30,666,394,313,1.0489501953125,24.312951660156273,29.75197262433484
3851,2014,6,10,11,30,745,438,319,1.2995986938476562,24.97835693359377,16.001663191801015
3852,2014,6,10,12,30,820,404,416,1.6139384508132937,25.099633789062523,2.2084470967974847
3853,2014,6,10,13,30,759,450,315,1.9751710891723635,24.965783691406273,11.590926228695169
3854,2014,6,10,14,30,674,425,275,2.31502366065979,24.510552978515648,25.35848498773663
3855,2014,6,10,15,30,570,357,273,2.5631003379821777,23.956475830078148,39.05399422836967
3856,2014,6,10,16,30,269,245,39,2.6525774002075195,23.320733642578148,52.62784995760168
3857,2014,6,10,17,30,270,163,261,2.481576681137085,22.273309326171894,66.01402988145345
3858,2014,6,10,18,30,118,65,283,2.1716656684875493,20.842492675781273,79.11799111058724
3859,2014,6,10,19,30,0,0,0,1.875499248504639,19.551812744140648,91.79811232056879
3860,2014,6,10,20,30,0,0,0,1.578096866607666,18.714013671875023,103.82448082822418
3861,2014,6,10,21,30,0,0,0,1.2877447605133057,18.505120849609398,114.82168018795734
3862,2014,6,10,22,30,0,0,0,0.9560714960098268,18.753839111328148,124.16642241165701
3863,2014,6,10,23,30,0,0,0,0.6512778997421265,18.934411621093773,130.89669619764402
3864,2014,6,11,0,30,0,0,0,0.5152047276496887,19.036431884765648,133.84817442417693
3865,2014,6,11,1,30,0,0,0,0.5662953853607178,18.984307861328148,132.311811976856
3866,2014,6,11,2,30,0,0,0,0.7593212723731995,18.720910644531273,126.67522056726848
3867,2014,6,11,3,30,0,0,0,1.0131014585494995,18.251275634765648,118.051242060706
3868,2014,6,11,4,30,0,0,0,1.227536916732788,17.785150146484398,107.50370209249608
3869,2014,6,11,5,30,0,0,0,1.359027624130249,17.669824218750023,95.75905427499839
3870,2014,6,11,6,30,48,40,69,1.3371195793151855,18.325036621093773,83.25958079862744
3871,2014,6,11,7,30,193,140,157,1.092321276664734,20.096063232421894,70.27551231266045
3872,2014,6,11,8,30,433,210,408,0.7811858654022217,22.588006591796894,56.96980388330483
3873,2014,6,11,9,30,645,260,529,0.7031036615371704,24.864526367187523,43.45019285984745
3874,2014,6,11,10,30,792,350,509,0.7447396516799927,26.586572265625023,29.790295958266373
3875,2014,6,11,11,30,912,393,539,0.6718664169311523,27.806939697265648,16.044134543197842
3876,2014,6,11,12,30,933,445,488,0.6225392818450928,28.528100585937523,2.256534280108468
3877,2014,6,11,13,30,1030,135,913,0.7877651453018188,28.751733398437523,11.541900286338544
3878,2014,6,11,14,30,938,130,892,1.2327545881271362,28.398217773437523,25.305738855376898
3879,2014,6,11,15,30,786,122,854,1.8111780881881716,27.429956054687523,38.99769030904643
3880,2014,6,11,16,30,588,109,788,2.3298025131225586,26.114770507812523,52.56794757421925
3881,2014,6,11,17,30,364,89,672,2.657738208770752,24.423394775390648,65.95039874497688
3882,2014,6,11,18,30,142,54,458,2.821298837661743,22.251000976562523,79.05044483214428
3883,2014,6,11,19,30,0,0,0,2.8392353057861333,20.447747802734398,91.72644676808876
3884,2014,6,11,20,30,0,0,0,2.6763124465942383,19.275811767578148,103.74863479360756
3885,2014,6,11,21,30,0,0,0,2.4983677864074707,19.007257080078148,114.74207714626922
3886,2014,6,11,22,30,0,0,0,2.3444466590881348,19.458306884765648,124.08481135448343
3887,2014,6,11,23,30,0,0,0,2.1769840717315674,19.475305175781273,130.81757717770927
3888,2014,6,12,0,30,0,0,0,1.98303496837616,19.100488281250023,133.7793683575467
3889,2014,6,12,1,30,0,0,0,1.84382438659668,18.878106689453148,132.26087168744914
3890,2014,6,12,2,30,0,0,0,1.8409029245376587,18.713586425781273,126.64434451859074
3891,2014,6,12,3,30,0,0,0,1.8151805400848389,18.339349365234398,118.03788658383785
3892,2014,6,12,4,30,0,0,0,1.7558341026306152,17.952508544921898,107.5040880416889
3893,2014,6,12,5,30,0,0,0,1.780643105506897,17.895715332031273,95.76997436763615
3894,2014,6,12,6,30,73,40,282,1.8724842071533203,18.406640625000023,83.27869555757954
3895,2014,6,12,7,30,293,80,631,1.8559701442718504,19.900292968750023,70.30119562029161
3896,2014,6,12,8,30,527,103,779,1.7350467443466189,22.055444335937523,57.0009231283859
3897,2014,6,12,9,30,740,118,857,1.5857312679290771,24.28743896484377,43.48596718801497
3898,2014,6,12,10,30,910,128,901,1.3086566925048828,26.491632080078148,29.830206915504213
3899,2014,6,12,11,30,1024,134,925,0.9219889640808104,28.247460937500023,16.087945343207732
3900,2014,6,12,12,30,1070,137,933,0.6260761022567749,29.30574951171877,2.3068970722977014
3901,2014,6,12,13,30,1047,136,929,0.6706200242042542,29.683862304687523,11.492778194123845
3902,2014,6,12,14,30,955,132,909,1.0710957050323486,29.426446533203148,25.253075548348733
3903,2014,6,12,15,30,802,123,872,1.6146671772003174,28.583673095703148,38.94179505063699
3904,2014,6,12,16,30,602,110,807,2.1584267616271973,27.17147216796877,52.50883996446086
3905,2014,6,12,17,30,373,90,692,2.606520175933838,25.089227294921894,65.88800732082225
3906,2014,6,12,18,30,147,55,477,2.962007999420166,22.546777343750023,78.98465676249099
3907,2014,6,12,19,30,0,0,0,3.169245719909668,20.588464355468773,91.65715586122444
3908,2014,6,12,20,30,0,0,0,3.1744501590728764,19.437768554687523,103.67590760786508
3909,2014,6,12,21,30,0,0,0,3.087021827697754,18.506738281250023,114.66649112978816
3910,2014,6,12,22,30,0,0,0,2.94173002243042,17.695672607421898,124.00825223961823
3911,2014,6,12,23,30,0,0,0,2.728688716888428,17.525476074218773,130.74452683204856
3912,2014,6,13,0,30,0,0,0,2.432699203491211,17.991815185546898,133.7172652787457
3913,2014,6,13,1,30,0,0,0,2.158011674880981,18.249902343750023,132.21657253470073
3914,2014,6,13,2,30,0,0,0,1.836667537689209,18.245202636718773,126.61948758795052
3915,2014,6,13,3,30,0,0,0,1.4090304374694824,18.166528320312523,118.02973406368834
3916,2014,6,13,4,30,0,0,0,1.14775812625885,17.985772705078148,107.5088928478518
3917,2014,6,13,5,30,0,0,0,1.1935633420944214,17.955407714843773,95.78462950271494
3918,2014,6,13,6,30,72,40,274,1.3078787326812744,18.716119384765648,83.30096113855639
3919,2014,6,13,7,30,287,79,617,1.1759176254272459,20.348504638671894,70.32952819952722
3920,2014,6,13,8,30,517,102,763,0.917804718017578,22.435296630859398,57.034252518050025
3921,2014,6,13,9,30,726,117,840,0.8255005478858948,24.689752197265648,43.5235607234268
3922,2014,6,13,10,30,893,127,883,0.953957974910736,26.67659912109377,29.871587397165705
3923,2014,6,13,11,30,1004,133,906,1.2213410139083862,28.044854736328148,16.13293555892794
3924,2014,6,13,12,30,1049,136,914,1.5266118049621582,28.777246093750023,2.3588086730716924
3925,2014,6,13,13,30,1025,135,908,1.8453192710876465,28.986077880859398,11.443536676698198
3926,2014,6,13,14,30,934,130,888,2.230803966522217,28.701531982421894,25.20053259616097
3927,2014,6,13,15,30,784,122,849,2.649646282196045,27.909356689453148,38.88636589870954
3928,2014,6,13,16,30,587,109,784,3.0076589584350586,26.636590576171894,52.450595067779744
3929,2014,6,13,17,30,363,89,668,3.2032837867736816,24.809594726562523,65.82693008004176
3930,2014,6,13,18,30,142,55,454,3.3031580448150635,22.517327880859398,78.92070545326507
3931,2014,6,13,19,30,0,0,0,3.33716344833374,20.630029296875023,91.59032001525541
3932,2014,6,13,20,30,0,0,0,3.2490642070770264,19.417291259765648,103.60637876409992
3933,2014,6,13,21,30,0,0,0,3.0922422409057617,18.390435791015648,114.59499653485408
3934,2014,6,13,22,30,0,0,0,2.948641300201416,18.118005371093773,123.93680815808816
3935,2014,6,13,23,30,0,0,0,2.814382553100586,18.547326660156273,130.6775897609723
3936,2014,6,14,0,30,0,0,0,2.5888638496398926,18.565179443359398,133.66188750070575
3937,2014,6,14,1,30,0,0,0,2.317960023880005,18.351007080078148,132.17891616285712
3938,2014,6,14,2,30,0,0,0,2.0189790725708012,18.300531005859398,126.600633248752
3939,2014,6,14,3,30,0,0,0,1.72842276096344,18.078851318359398,118.02675171955536
3940,2014,6,14,4,30,0,0,0,1.4727721214294434,17.769097900390648,107.51806968721226
3941,2014,6,14,5,30,0,0,0,1.3435544967651367,17.800347900390648,95.80296097297062
3942,2014,6,14,6,30,70,39,268,1.366482138633728,18.384759521484398,83.32630857421769
3943,2014,6,14,7,30,283,78,609,1.3432862758636477,19.799066162109398,70.36043168880904
3944,2014,6,14,8,30,512,101,756,1.3054416179656982,21.864038085937523,57.06970422959094
3945,2014,6,14,9,30,720,116,833,1.3449270725250244,24.05892333984377,43.56287460060256
3946,2014,6,14,10,30,887,127,876,1.40620756149292,26.19344482421877,29.91432224051869
3947,2014,6,14,11,30,997,133,899,1.5061346292495728,27.908471679687523,16.178952884469
3948,2014,6,14,12,30,1042,135,907,1.720517635345459,28.894403076171894,2.411649660893488
3949,2014,6,14,13,30,1019,134,902,2.0407085418701167,29.156854248046894,11.39416314956354
3950,2014,6,14,14,30,928,130,881,2.4343509674072266,28.80574951171877,25.148152833114228
3951,2014,6,14,15,30,779,122,843,2.860628604888916,27.895379638671894,38.831463564047745
3952,2014,6,14,16,30,583,109,776,3.3007092475891118,26.538995361328148,52.393282857031224
3953,2014,6,14,17,30,360,89,660,3.587162494659424,24.730706787109398,65.767242591957
3954,2014,6,14,18,30,141,55,444,3.687977313995361,22.588006591796894,78.85866974327429
3955,2014,6,14,19,30,0,0,0,3.6456923484802246,20.830133056640648,91.52601917510265
3956,2014,6,14,20,30,0,0,0,3.3999805450439453,19.641534423828148,103.54012656488341
3957,2014,6,14,21,30,0,0,0,3.0322227478027344,18.686975097656273,114.52766592860151
3958,2014,6,14,22,30,0,0,0,2.5903525352478027,18.157952880859398,123.87053993816365
3959,2014,6,14,23,30,0,0,0,2.2228565216064453,18.155084228515648,130.61680819962686
3960,2014,6,15,0,30,0,0,0,2.0486502647399902,18.357537841796894,133.6132550283166
3961,2014,6,15,1,30,0,0,0,1.892057180404663,18.433374023437523,132.14790174793563
3962,2014,6,15,2,30,0,0,0,1.635282039642334,18.318750000000023,126.58776226347695
3963,2014,6,15,3,30,0,0,0,1.3785972595214844,18.191003417968773,118.02890405531132
3964,2014,6,15,4,30,0,0,0,1.1552988290786743,18.021752929687523,107.53156928569187
3965,2014,6,15,5,30,0,0,0,1.0865447521209717,18.077050781250023,95.8249080656626
3966,2014,6,15,6,30,68,38,256,1.2106746435165403,18.933068847656273,83.35466745421594
3967,2014,6,15,7,30,276,77,593,1.3198381662368774,20.615899658203148,70.39382695739491
3968,2014,6,15,8,30,501,100,738,1.3792504072189329,22.701715087890648,57.10719050346777
3969,2014,6,15,9,30,706,115,815,1.4499415159225464,24.679620361328148,43.603811157086966
3970,2014,6,15,10,30,870,125,859,1.4788167476654053,26.559808349609398,29.958299385463445
3971,2014,6,15,11,30,979,132,882,1.4154856204986572,28.398400878906273,16.225852913651664
3972,2014,6,15,12,30,1024,134,890,1.3251488208770752,29.501733398437523,2.4649005743155925
3973,2014,6,15,13,30,1001,133,885,1.4388904571533203,29.406549072265648,11.344655966520506
3974,2014,6,15,14,30,912,129,865,1.885518193244934,28.364801025390648,25.09598440143718
3975,2014,6,15,15,30,764,121,825,2.4876694679260254,26.821221923828148,38.77715196875477
3976,2014,6,15,16,30,503,204,489,2.9946391582489014,25.059106445312523,52.33697526063371
3977,2014,6,15,17,30,259,167,223,3.250665664672852,23.11727294921877,65.70902143497314
3978,2014,6,15,18,30,72,71,3,3.25469970703125,21.229028320312523,78.79862866563336
3979,2014,6,15,19,30,0,0,0,3.10241436958313,20.023339843750023,91.46433272553485
3980,2014,6,15,20,30,0,0,0,2.905838966369629,19.551965332031273,103.47722804269685
3981,2014,6,15,21,30,0,0,0,2.6795547008514404,19.294000244140648,114.46456998718656
3982,2014,6,15,22,30,0,0,0,2.4875879287719727,19.095727539062523,123.80950610623027
3983,2014,6,15,23,30,0,0,0,2.2343859672546387,18.900048828125023,130.56222199739992
3984,2014,6,16,0,30,0,0,0,1.9162745475769043,18.677484130859398,133.57138554719072
3985,2014,6,16,1,30,0,0,0,1.6657190322875977,18.274591064453148,132.12352599621838
3986,2014,6,16,2,30,0,0,0,1.3964831829071045,17.752221679687523,126.58085269809463
3987,2014,6,16,3,30,0,0,0,1.1461063623428345,17.627160644531273,118.03615289408495
3988,2014,6,16,4,30,0,0,0,1.0026136636734009,17.661889648437523,107.5493399752258
3989,2014,6,16,5,30,0,0,0,0.9194827079772948,17.679315185546898,95.85040813934569
3990,2014,6,16,6,30,60,39,183,0.8333625793457031,18.209649658203148,83.38596602040991
3991,2014,6,16,7,30,248,110,410,0.7358618974685669,19.404229736328148,70.42963421709058
3992,2014,6,16,8,30,429,199,422,0.8707836270332336,20.993646240234398,57.146623770280975
3993,2014,6,16,9,30,710,116,821,1.224679708480835,23.28890380859377,43.64627407514204
3994,2014,6,16,10,30,876,126,865,1.5198562145233154,25.492059326171894,30.003410029489512
3995,2014,6,16,11,30,656,468,195,1.791248798370361,26.561883544921894,16.273499280123588
3996,2014,6,16,12,30,1031,135,897,2.0900716781616206,26.79354248046877,2.518133470761057
3997,2014,6,16,13,30,781,424,363,2.4548182487487797,26.373468017578148,11.295024660143001
3998,2014,6,16,14,30,919,129,871,2.9115419387817383,25.510247802734398,25.044080746376792
3999,2014,6,16,15,30,771,121,833,3.392404794692993,24.273156738281273,38.72349818662074
4000,2014,6,16,16,30,578,109,767,3.709723472595215,22.91756591796877,52.281746080781964
4001,2014,6,16,17,30,359,89,653,3.7462124824523926,21.580773925781273,65.65234410491962
4002,2014,6,16,18,30,141,55,440,3.4346470832824707,20.166314697265648,78.74066135368817
4003,2014,6,16,19,30,0,0,0,3.1345653533935547,19.313104248046894,91.40533940121165
4004,2014,6,16,20,30,0,0,0,3.1643271446228027,19.164331054687523,103.41775888110706
4005,2014,6,16,21,30,0,0,0,3.1558504104614262,18.742517089843773,114.40577743534273
4006,2014,6,16,22,30,0,0,0,2.987098217010498,18.185906982421894,123.753762849004
4007,2014,6,16,23,30,0,0,0,2.8863554000854488,18.043939208984398,130.51386859867105
4008,2014,6,17,0,30,0,0,0,2.798136711120605,17.848352050781273,133.53629441394293
4009,2014,6,17,1,30,0,0,0,2.580861091613769,17.383233642578148,132.10578314429537
4010,2014,6,17,2,30,0,0,0,2.2958788871765137,17.032220458984398,126.57987993807932
4011,2014,6,17,3,30,0,0,0,2.0516982078552246,16.949243164062526,118.04845741480591
4012,2014,6,17,4,30,0,0,0,1.7688806056976318,16.865380859375026,107.57132775183564
4013,2014,6,17,5,30,0,0,0,1.4422831535339355,16.805963134765648,95.8793967020563
4014,2014,6,17,6,30,67,38,254,1.3197981119155884,17.249749755859398,83.42013126279072
4015,2014,6,17,7,30,276,77,593,1.4398298263549805,18.700616455078148,70.46777313351107
4016,2014,6,17,8,30,501,100,739,1.6119706630706787,20.611657714843773,57.18791677554592
4017,2014,6,17,9,30,707,115,817,1.7558465003967283,22.369897460937523,43.690168518281745
4018,2014,6,17,10,30,872,126,862,1.8906879425048828,24.173211669921894,30.049548771637
4019,2014,6,17,11,30,982,132,886,2.0277767181396484,25.672906494140648,16.321763767684445
4020,2014,6,17,12,30,1029,135,895,2.21437931060791,26.529687500000023,2.5710033380032518
4021,2014,6,17,13,30,1007,134,890,2.4671597480773926,26.773889160156273,11.245290175396647
4022,2014,6,17,14,30,919,129,870,2.715171337127685,26.218225097656273,24.99250060305629
4023,2014,6,17,15,30,772,121,833,2.9201445579528813,25.072534179687523,38.67057237738796
4024,2014,6,17,16,30,579,109,768,3.0856294631958012,23.881890869140648,52.22767090748505
4025,2014,6,17,17,30,359,89,653,3.1194438934326167,22.579278564453148,65.59728892092532
4026,2014,6,17,18,30,142,55,440,3.033571720123291,21.071771240234398,78.68484694600792
4027,2014,6,17,19,30,0,0,0,2.9544849395751958,19.868218994140648,91.34911719696613
4028,2014,6,17,20,30,0,0,0,2.9190635681152344,19.140313720703148,103.3617933369154
4029,2014,6,17,21,30,0,0,0,2.8848726749420166,18.679956054687523,114.35135498727655
4030,2014,6,17,22,30,0,0,0,2.835180759429932,18.352105712890648,123.70336397711617
4031,2014,6,17,23,30,0,0,0,2.755404472351074,18.038446044921894,130.4717830248576
4032,2014,6,18,0,30,0,0,0,2.644911289215088,17.799737548828148,133.50799464800778
4033,2014,6,18,1,30,0,0,0,2.519155979156494,17.628747558593773,132.09466496058948
4034,2014,6,18,2,30,0,0,0,2.350689172744751,17.495477294921898,126.58481670588318
4035,2014,6,18,3,30,0,0,0,2.156943798065185,17.315545654296898,118.06577419038751
4036,2014,6,18,4,30,0,0,0,1.927804708480835,17.042871093750026,107.59747633555088
4037,2014,6,18,5,30,0,0,0,1.6983593702316284,16.995477294921898,95.9118074909396
4038,2014,6,18,6,30,46,38,67,1.567786693572998,17.493951416015648,83.45708901593594
4039,2014,6,18,7,30,189,135,161,1.545539617538452,18.791436767578148,70.50816293653475
4040,2014,6,18,8,30,120,120,0,1.5987927913665771,20.664270019531273,57.2309827017862
4041,2014,6,18,9,30,479,339,193,1.7354154586791992,22.439965820312523,43.7354012623389
4042,2014,6,18,10,30,871,125,862,1.9587478637695312,23.996789550781273,30.09661374553527
4043,2014,6,18,11,30,982,132,886,2.216994524002075,25.228204345703148,16.37052639345835
4044,2014,6,18,12,30,732,471,260,2.4549500942230225,25.80428466796877,2.6232398980618967
4045,2014,6,18,13,30,1007,134,890,2.684786796569824,25.687677001953148,11.195485096008241
4046,2014,6,18,14,30,919,129,871,2.9746527671813965,25.02352294921877,24.94130797473764
4047,2014,6,18,15,30,772,121,833,3.2728672027587886,24.09822998046877,38.618447715095
4048,2014,6,18,16,30,580,109,768,3.4127862453460693,23.116387939453148,52.17482702873615
4049,2014,6,18,17,30,360,89,654,3.288011074066162,21.899560546875023,65.54393492897512
4050,2014,6,18,18,30,143,55,441,2.9890670776367188,20.462426757812523,78.63126449022346
4051,2014,6,18,19,30,0,0,0,2.804795265197754,19.430596923828148,91.29574327807244
4052,2014,6,18,20,30,0,0,0,2.7234044075012207,18.996270751953148,103.30940416334651
4053,2014,6,18,21,30,0,0,0,2.6923866271972656,18.766229248046894,114.30136728905376
4054,2014,6,18,22,30,0,0,0,2.6087419986724854,18.407464599609398,123.65836089010101
4055,2014,6,18,23,30,0,0,0,2.395500659942627,17.955712890625023,130.43599785777764
4056,2014,6,19,0,30,0,0,0,2.241180419921875,17.761499023437523,133.4864969249979
4057,2014,6,19,1,30,0,0,0,2.138130187988281,17.755700683593773,132.09016074844368
4058,2014,6,19,2,30,0,0,0,2.030282020568848,17.615228271484398,126.5956330799234
4059,2014,6,19,3,30,0,0,0,1.9390902519226076,17.434838867187526,118.08805722762159
4060,2014,6,19,4,30,0,0,0,1.8890563249588013,17.313439941406273,107.62772723192565
4061,2014,6,19,5,30,0,0,0,1.8514242172241209,17.265466308593773,95.94757255317545
4062,2014,6,19,6,30,15,15,0,1.8625425100326536,17.563897705078148,83.49676405599287
4063,2014,6,19,7,30,63,63,0,2.0468223094940186,18.475701904296894,70.55072253011996
4064,2014,6,19,8,30,214,199,27,2.2666103839874268,20.128320312500023,57.27573528818208
4065,2014,6,19,9,30,179,171,11,2.3430376052856445,21.946588134765648,43.78188082116362
4066,2014,6,19,10,30,222,207,17,2.372405529022217,23.55233154296877,30.144506741818233
4067,2014,6,19,11,30,316,293,24,2.44652795791626,25.007043457031273,16.419675466496642
4068,2014,6,19,12,30,827,376,451,2.620067596435547,25.970330810546894,2.6746400995083657
4069,2014,6,19,13,30,388,358,30,2.9160914421081543,26.169366455078148,11.145653862456212
4070,2014,6,19,14,30,274,257,19,3.2082359790802,25.640832519531273,24.89057210183989
4071,2014,6,19,15,30,409,352,73,3.383866310119629,24.509698486328148,38.56720031024429
4072,2014,6,19,16,30,164,162,3,3.4325709342956543,22.910668945312523,52.123293336698026
4073,2014,6,19,17,30,26,26,0,3.331940174102783,21.139764404296894,65.49236180319195
4074,2014,6,19,18,30,89,76,63,2.9811077117919917,19.485559082031273,78.57999284604782
4075,2014,6,19,19,30,0,0,0,2.6055288314819336,18.430780029296894,91.24529389081192
4076,2014,6,19,20,30,0,0,0,2.4982075691223145,18.029870605468773,103.26066253417301
4077,2014,6,19,21,30,0,0,0,2.447575807571411,17.745355224609398,114.25587686232348
4078,2014,6,19,22,30,0,0,0,2.363821506500244,17.569268798828148,123.61880254280422
4079,2014,6,19,23,30,0,0,0,2.3750832080841064,17.482202148437526,130.40654322444786
4080,2014,6,20,0,30,0,0,0,2.423055648803711,17.244653320312526,133.47180957163135
4081,2014,6,20,1,30,0,0,0,2.3981213569641118,16.865960693359398,132.0922573507272
4082,2014,6,20,2,30,0,0,0,2.270692110061645,16.538079833984398,126.61229651512959
4083,2014,6,20,3,30,0,0,0,2.0908660888671875,16.381646728515648,118.11525800880024
4084,2014,6,20,4,30,0,0,0,1.885415315628052,16.330072021484398,107.66201979529423
4085,2014,6,20,5,30,0,0,0,1.667451024055481,16.459497070312526,95.9866223280257
4086,2014,6,20,6,30,15,15,0,1.5383948087692259,16.925622558593773,83.5390801979329
4087,2014,6,20,7,30,64,64,0,1.5922224521636963,18.077020263671894,70.59537060112281
4088,2014,6,20,8,30,264,228,66,1.8215465545654297,19.699761962890648,57.322088947418145
4089,2014,6,20,9,30,161,154,9,2.1306023597717285,21.323175048828148,43.82951756687753
4090,2014,6,20,10,30,352,325,31,2.4264044761657715,23.070489501953148,30.19313332043941
4091,2014,6,20,11,30,588,465,128,2.677775382995605,24.53548583984377,16.469107624108233
4092,2014,6,20,12,30,741,463,278,2.9380733966827397,25.266534423828148,2.7250614282698113
4093,2014,6,20,13,30,626,479,150,3.2168695926666264,25.32601318359377,11.095852980513381
4094,2014,6,20,14,30,744,348,436,3.4740326404571533,24.805230712890648,24.840367421356067
4095,2014,6,20,15,30,406,350,71,3.686615705490112,23.696710205078148,38.516909125570606
4096,2014,6,20,16,30,579,108,766,3.7697482109069824,22.181176757812523,52.073150229871295
4097,2014,6,20,17,30,360,89,652,3.673250675201416,20.471459960937523,65.44264974492809
4098,2014,6,20,18,30,143,56,441,3.3524341583251958,18.752069091796894,78.53111058757844
4099,2014,6,20,19,30,0,0,0,3.026976585388184,17.757165527343773,91.19784427347209
4100,2014,6,20,20,30,0,0,0,2.9160819053649902,17.556237792968773,103.2156379690876
4101,2014,6,20,21,30,0,0,0,2.735607624053955,17.248040771484398,114.21494404964236
4102,2014,6,20,22,30,0,0,0,2.360910415649414,16.775445556640648,123.58473541326588
4103,2014,6,20,23,30,0,0,0,2.018115758895874,16.660485839843773,130.38344678322548
4104,2014,6,21,0,30,0,0,0,1.7660529613494873,16.670434570312526,133.463938562238
4105,2014,6,21,1,30,0,0,0,1.5150997638702393,16.530053710937526,132.10093915594186
4106,2014,6,21,2,30,0,0,0,1.2923194169998171,16.403161621093773,126.63477186486992
4107,2014,6,21,3,30,0,0,0,1.11660897731781,16.368585205078148,118.14732553491768
4108,2014,6,21,4,30,0,0,0,0.9577752351760864,16.296929931640648,107.70029129356257
4109,2014,6,21,5,30,0,0,0,0.8414170742034912,16.339105224609398,96.02888573004587
4110,2014,6,21,6,30,65,37,246,0.8194327354431152,16.904748535156273,83.58396039305528
4111,2014,6,21,7,30,161,132,86,0.9455081224441528,18.091821289062523,70.64202572693651
4112,2014,6,21,8,30,208,195,24,1.3169946670532229,19.850213623046894,57.36995887957558
4113,2014,6,21,9,30,147,142,7,1.6935827732086182,22.134393310546894,43.878223844636224
4114,2014,6,21,10,30,181,170,13,1.8623399734497068,24.280419921875023,30.242402912935013
4115,2014,6,21,11,30,670,459,220,2.014139413833618,25.787133789062523,16.51872784826756
4116,2014,6,21,12,30,331,305,25,2.2626304626464844,26.687371826171894,2.7744160604074324
4117,2014,6,21,13,30,662,476,189,2.60891342163086,26.902825927734398,11.046151218223796
4118,2014,6,21,14,30,764,326,482,2.900315761566162,26.494500732421894,24.79077351619523
4119,2014,6,21,15,30,597,340,327,3.004852294921875,25.51961669921877,38.46765588562253
4120,2014,6,21,16,30,279,251,45,2.971950054168701,24.058312988281273,52.02447951145707
4121,2014,6,21,17,30,361,89,652,2.848952293395996,22.325982666015648,65.39487937980286
4122,2014,6,21,18,30,144,56,441,2.6348648071289062,20.635919189453148,78.48469590485439
4123,2014,6,21,19,30,0,0,0,2.4561660289764404,19.416131591796894,91.15346856764981
4124,2014,6,21,20,30,0,0,0,2.379703998565674,18.666589355468773,103.17439826026121
4125,2014,6,21,21,30,0,0,0,2.388272285461426,18.209191894531273,114.17862696131692
4126,2014,6,21,22,30,0,0,0,2.5294790267944336,18.093988037109398,123.55620347209458
4127,2014,6,21,23,30,0,0,0,2.6267290115356445,17.982598876953148,130.36673371139472
4128,2014,6,22,0,30,0,0,0,2.48299503326416,17.627832031250023,133.46288751685205
4129,2014,6,22,1,30,0,0,0,2.3578932285308842,17.442834472656273,132.11618810585594
4130,2014,6,22,2,30,0,0,0,2.336565494537353,17.495843505859398,126.66302140444105
4131,2014,6,22,3,30,0,0,0,2.2138831615448,17.325677490234398,118.18420637051894
4132,2014,6,22,4,30,0,0,0,2.01797103881836,17.072656250000026,107.74247697448959
4133,2014,6,22,5,30,0,0,0,1.8522872924804688,17.172967529296898,96.07429023329315
4134,2014,6,22,6,30,55,38,158,1.7391250133514404,17.818505859375023,83.63132682653007
4135,2014,6,22,7,30,235,114,367,1.6236410140991209,18.969293212890648,70.69060648210655
4136,2014,6,22,8,30,331,240,169,1.5748486518859863,20.475000000000023,57.41926118321247
4137,2014,6,22,9,30,419,335,117,1.6536798477172852,22.177514648437523,43.92791408190408
4138,2014,6,22,10,30,583,411,198,1.7898292541503906,23.733209228515648,30.292228915140647
4139,2014,6,22,11,30,778,368,428,1.939824223518372,24.798791503906273,16.568449464085074
4140,2014,6,22,12,30,731,460,271,2.080425262451172,24.984643554687523,2.8226658156794286
4141,2014,6,22,13,30,835,345,498,2.177507877349853,24.579339599609398,10.996629789078028
4142,2014,6,22,14,30,779,310,516,2.1811170578002934,24.381158447265648,24.741875053762318
4143,2014,6,22,15,30,595,334,332,2.1003370285034184,23.960260009765648,38.41952497967225
4144,2014,6,22,16,30,574,107,758,2.0363209247589107,23.132684326171894,51.977364283817465
4145,2014,6,22,17,30,312,139,414,2.043536901473999,22.245141601562523,65.3491316527399
4146,2014,6,22,18,30,124,67,283,2.1591272354125977,21.187585449218773,78.44082650504222
4147,2014,6,22,19,30,0,0,0,2.303515911102295,20.293664550781273,91.11223973030084
4148,2014,6,22,20,30,0,0,0,2.296879291534424,19.696649169921894,103.13700940019432
4149,2014,6,22,21,30,0,0,0,2.1718587875366206,19.209649658203148,114.14698142386982
4150,2014,6,22,22,30,0,0,0,2.0339529514312744,18.869439697265648,123.53324815338048
4151,2014,6,22,23,30,0,0,0,1.927000999450684,18.800683593750023,130.35642669425226
4152,2014,6,23,0,30,0,0,0,1.866514801979065,18.918695068359398,133.46865770090332
4153,2014,6,23,1,30,0,0,0,1.8604776859283447,18.933801269531273,132.1379837045919
4154,2014,6,23,2,30,0,0,0,1.9386734962463381,18.843316650390648,126.69700485592459
4155,2014,6,23,3,30,0,0,0,2.0579946041107178,18.726159667968773,118.22584469009912
4156,2014,6,23,4,30,0,0,0,2.11590313911438,18.527764892578148,107.7885101334401
4157,2014,6,23,5,30,0,0,0,1.963801980018616,18.510217285156273,96.12276195634779
4158,2014,6,23,6,30,1,1,0,1.640215516090393,18.968316650390648,83.68110101487109
4159,2014,6,23,7,30,5,5,0,1.4113341569900513,19.802026367187523,70.74103154329995
4160,2014,6,23,8,30,304,238,123,1.3627543449401855,20.786767578125023,57.46991296317081
4161,2014,6,23,9,30,350,308,58,1.3900840282440186,21.747796630859398,43.97850489226547
4162,2014,6,23,10,30,501,406,110,1.3871173858642578,22.600946044921894,30.342528770614553
4163,2014,6,23,11,30,473,417,57,1.2742364406585691,23.257806396484398,16.618194122252078
4164,2014,6,23,12,30,284,260,24,1.069892644882202,23.598199462890648,2.8698178340770686
4165,2014,6,23,13,30,614,473,143,0.9648505449295044,23.589562988281273,10.947382518335488
4166,2014,6,23,14,30,773,308,511,1.120016098022461,23.313684082031273,24.69376171344665
4167,2014,6,23,15,30,237,225,15,1.514312982559204,22.649102783203148,38.37260335820305
4168,2014,6,23,16,30,207,199,12,1.9833364486694336,21.636407470703148,51.93188883923509
4169,2014,6,23,17,30,180,163,40,2.3720436096191406,20.609124755859398,65.30548772126153
4170,2014,6,23,18,30,83,76,35,2.581393241882324,19.716119384765648,78.39957951303523
4171,2014,6,23,19,30,0,0,0,2.5913820266723637,19.287530517578148,91.0742294463078
4172,2014,6,23,20,30,0,0,0,2.5330638885498047,19.299218750000023,103.103535510948
4173,2014,6,23,21,30,0,0,0,2.4892220497131348,19.221459960937523,114.120060930077
4174,2014,6,23,22,30,0,0,0,2.434456348419189,18.959466552734398,123.51590832709816
4175,2014,6,23,23,30,0,0,0,2.3294358253479004,18.608483886718773,130.35254591559436
4176,2014,6,24,0,30,0,0,0,2.1538434028625493,18.271539306640648,133.48124802649764
4177,2014,6,24,1,30,0,0,0,2.060049772262573,18.125970458984398,132.16630302920314
4178,2014,6,24,2,30,0,0,0,1.9822998046875,18.035668945312523,126.73667941444735
4179,2014,6,24,3,30,0,0,0,1.7781112194061282,17.866784667968773,118.27218232599613
4180,2014,6,24,4,30,0,0,0,1.555714130401611,17.646386718750023,107.83832218256357
4181,2014,6,24,5,30,0,0,0,1.3803889751434326,17.554956054687526,96.17422574823799
4182,2014,6,24,6,30,17,17,0,1.3468613624572754,17.882196044921898,83.73320390327697
4183,2014,6,24,7,30,76,76,0,1.452570557594299,18.600732421875023,70.79321979308818
4184,2014,6,24,8,30,146,143,5,1.5653336048126218,19.597680664062523,57.52183243537878
4185,2014,6,24,9,30,128,125,4,1.6557592153549194,21.276757812500023,44.02991517377132
4186,2014,6,24,10,30,278,260,21,1.7500641345977783,22.929437255859398,30.39322404524577
4187,2014,6,24,11,30,421,382,39,1.8493555784225464,23.902856445312523,16.667891767302876
4188,2014,6,24,12,30,607,481,126,1.9882860183715818,24.455560302734398,2.91592087998022
4189,2014,6,24,13,30,211,194,18,2.138983964920044,24.306146240234398,10.898515988639462
4190,2014,6,24,14,30,912,127,863,2.3453803062438965,23.513909912109398,24.646528102220454
4191,2014,6,24,15,30,326,301,32,2.651741981506348,22.336511230468773,38.32698042277923
4192,2014,6,24,16,30,550,144,657,2.945143938064575,21.061181640625023,51.88813854692694
4193,2014,6,24,17,30,343,110,556,3.048781394958496,19.944421386718773,65.26402884691143
4194,2014,6,24,18,30,137,59,386,3.052783489227295,19.086785888671894,78.36103137186697
4195,2014,6,24,19,30,0,0,0,2.974480628967285,18.596520996093773,91.03950804189232
4196,2014,6,24,20,30,0,0,0,2.775848150253296,18.353021240234398,103.07403877478
4197,2014,6,24,21,30,0,0,0,2.557050466537476,18.085992431640648,114.097916590754
4198,2014,6,24,22,30,0,0,0,2.3032522201538086,17.812524414062523,123.50422027312916
4199,2014,6,24,23,30,0,0,0,2.0696749687194824,17.636560058593773,130.35510904974151
4200,2014,6,25,0,30,0,0,0,1.8627817630767824,17.476312255859398,133.5006550552931
4201,2014,6,25,1,30,0,0,0,1.6447401046752932,17.287774658203148,132.20112074169822
4202,2014,6,25,2,30,0,0,0,1.517380952835083,17.165887451171898,126.78199977587543
4203,2014,6,25,3,30,0,0,0,1.5029983520507812,17.055444335937526,118.32315881785652
4204,2014,6,25,4,30,0,0,0,1.4340835809707642,16.928765869140648,107.89184272118746
4205,2014,6,25,5,30,0,0,0,1.3056199550628662,16.997979736328148,96.22860527500895
4206,2014,6,25,6,30,11,11,0,1.1956443786621094,17.589929199218773,83.78755596272875
4207,2014,6,25,7,30,50,50,0,1.1134519577026367,18.896447753906273,70.84709042200794
4208,2014,6,25,8,30,309,238,132,1.0722007751464844,20.351922607421894,57.5749390283831
4209,2014,6,25,9,30,435,336,137,1.0729838609695437,21.854974365234398,44.082066201913996
4210,2014,6,25,10,30,415,369,52,1.1702511310577393,23.468713378906273,30.44424049320108
4211,2014,6,25,11,30,713,438,287,1.3935140371322632,24.622491455078148,16.717480593062305
4212,2014,6,25,12,30,796,434,361,1.6936850547790527,24.966119384765648,2.961062171178966
4213,2014,6,25,13,30,776,422,360,2.045543670654297,24.468225097656273,10.85014966067574
4214,2014,6,25,14,30,787,321,512,2.4239661693573,23.48812255859377,24.600273657839228
4215,2014,6,25,15,30,656,270,492,2.819663047790528,22.346002197265648,38.28274790913356
4216,2014,6,25,16,30,414,274,225,3.1316924095153813,21.150964355468773,51.846199736483285
4217,2014,6,25,17,30,325,132,460,3.2458586692810063,19.897576904296894,65.22483628524779
4218,2014,6,25,18,30,81,76,23,3.0364780426025386,18.735345458984398,78.32525774298547
4219,2014,6,25,19,30,0,0,0,2.755260944366455,18.060357666015648,91.00814439885114
4220,2014,6,25,20,30,0,0,0,2.519343376159668,17.772729492187523,103.04857936631196
4221,2014,6,25,21,30,0,0,0,2.1594710350036617,17.558374023437526,114.08059708819796
4222,2014,6,25,22,30,0,0,0,1.8188011646270752,17.423730468750026,123.49821765684092
4223,2014,6,25,23,30,0,0,0,1.5125067234039309,17.276025390625026,130.36413125504265
4224,2014,6,26,0,30,0,0,0,1.2120614051818848,17.133935546875026,133.52687300297092
4225,2014,6,26,1,30,0,0,0,0.9446444511413574,17.007623291015648,132.24240910248378
4226,2014,6,26,2,30,0,0,0,0.7233102321624756,16.854638671875026,126.83291816583682
4227,2014,6,26,3,30,0,0,0,0.5999068021774292,16.671136474609398,118.37871146349006
4228,2014,6,26,4,30,0,0,0,0.6663727760314941,16.440576171875026,107.9489996075523
4229,2014,6,26,5,30,0,0,0,0.8966809511184692,16.474603271484398,96.28582310688371
4230,2014,6,26,6,30,60,36,227,1.148454189300537,17.192620849609398,83.84407728654324
4231,2014,6,26,7,30,263,79,564,1.2989907264709473,18.529199218750023,70.90256302892541
4232,2014,6,26,8,30,449,152,553,1.4261879920959473,20.271936035156273,57.62915348153521
4233,2014,6,26,9,30,531,313,303,1.4900281429290771,22.296289062500023,44.134881717210284
4234,2014,6,26,10,30,562,413,171,1.374685287475586,24.252679443359398,30.495508114730573
4235,2014,6,26,11,30,975,129,884,1.232622146606445,25.426019287109398,16.766906986791795
4236,2014,6,26,12,30,1023,131,892,1.2730811834335327,25.560937500000023,3.0053646296951366
4237,2014,6,26,13,30,1003,131,887,1.6084033250808716,25.032159423828148,10.802415963844993
4238,2014,6,26,14,30,916,126,868,2.1400480270385738,24.10311279296877,24.555102539051052
4239,2014,6,26,15,30,771,118,830,2.7334041595458984,22.90633544921877,38.23999976357421
4240,2014,6,26,16,30,580,106,766,3.2468652725219727,21.610589599609398,51.806159577788314
4241,2014,6,26,17,30,267,170,232,3.418853759765625,20.352716064453148,65.18799117427483
4242,2014,6,26,18,30,108,76,154,3.315524816513061,19.303430175781273,78.29233340652324
4243,2014,6,26,19,30,0,0,0,3.0938701629638667,18.830194091796894,90.97705793619377
4244,2014,6,26,20,30,0,0,0,2.9006588459014893,18.664849853515648,103.02721538630381
4245,2014,6,26,21,30,0,0,0,2.7532663345336914,18.380761718750023,114.06814863143843
4246,2014,6,26,22,30,0,0,0,2.541779041290283,17.901940917968773,123.4979315062776
4247,2014,6,26,23,30,0,0,0,2.3418560028076167,17.508386230468773,130.3796251688955
4248,2014,6,27,0,30,0,0,0,2.182046890258789,17.496728515625026,133.55989374528463
4249,2014,6,27,1,30,0,0,0,2.116487979888916,17.519799804687526,132.29013798517923
4250,2014,6,27,2,30,0,0,0,2.015755176544189,17.443963623046898,126.88938437002754
4251,2014,6,27,3,30,0,0,0,1.9219627380371092,17.436608886718773,118.43877537116995
4252,2014,6,27,4,30,0,0,0,1.9303092956542969,17.528833007812526,108.00971903169771
4253,2014,6,27,5,30,0,0,0,1.946310043334961,17.763665771484398,96.34580080595514
4254,2014,6,27,6,30,35,32,23,2.027087688446045,18.280328369140648,83.90268768653392
4255,2014,6,27,7,30,155,129,81,2.190328359603882,19.135797119140648,70.9595577195901
4256,2014,6,27,8,30,367,226,263,2.3541040420532227,20.065759277343773,57.68439793981175
4257,2014,6,27,9,30,607,228,528,2.426015853881836,20.826837158203148,44.188288007436036
4258,2014,6,27,10,30,856,121,853,2.354754447937012,21.439996337890648,30.54696120600223
4259,2014,6,27,11,30,795,337,478,2.1607911586761475,21.957177734375023,16.816125463170394
4260,2014,6,27,12,30,853,352,502,1.9332623481750488,22.325494384765648,3.0489844547112317
4261,2014,6,27,13,30,881,366,524,1.7865452766418457,22.366357421875023,10.75546035093434
4262,2014,6,27,14,30,911,126,862,1.827120304107666,22.095941162109398,24.51112350227937
4263,2014,6,27,15,30,606,327,355,2.0756731033325195,21.639703369140648,38.19883201270505
4264,2014,6,27,16,30,577,106,762,2.3393473625183105,21.071466064453148,51.768105957551576
4265,2014,6,27,17,30,246,175,168,2.420189380645752,20.494256591796894,65.15357442160567
4266,2014,6,27,18,30,68,68,0,2.367732048034668,20.015496826171894,78.26233216162656
4267,2014,6,27,19,30,0,0,0,2.3344998359680176,19.779046630859398,90.952529723701
4268,2014,6,27,20,30,0,0,0,2.3720760345458984,19.695947265625023,103.01000279708731
4269,2014,6,27,21,30,0,0,0,2.505844831466675,19.537469482421894,114.06061491324205
4270,2014,6,27,22,30,0,0,0,2.652129650115967,19.259362792968773,123.50339019096135
4271,2014,6,27,23,30,0,0,0,2.758845806121826,18.970819091796894,130.40160090427509
4272,2014,6,28,0,30,0,0,0,2.7628626823425293,18.741662597656273,133.59970682567985
4273,2014,6,28,1,30,0,0,0,2.711456060409546,18.692407226562523,132.34427489283112
4274,2014,6,28,2,30,0,0,0,2.672227382659912,18.808374023437523,126.95134576588283
4275,2014,6,28,3,30,0,0,0,2.564352035522461,18.853723144531273,118.50328351328086
4276,2014,6,28,4,30,0,0,0,2.413219451904297,18.748193359375023,108.0739255894487
4277,2014,6,28,5,30,0,0,0,2.232189416885376,18.628259277343773,96.40845901432918
4278,2014,6,28,6,30,40,34,57,2.0723114013671875,18.886010742187523,83.96330678855733
4279,2014,6,28,7,30,179,130,149,2.100300073623657,19.877801513671894,71.01799520335989
4280,2014,6,28,8,30,441,156,534,2.275265693664551,21.277612304687523,57.74059604529091
4281,2014,6,28,9,30,617,229,541,2.4300994873046875,22.607812500000023,44.242213984636656
4282,2014,6,28,10,30,760,308,525,2.5119919776916504,23.760980224609398,30.59853840141035
4283,2014,6,28,11,30,976,121,893,2.484142303466797,24.436334228515648,16.865098589168028
4284,2014,6,28,12,30,1024,123,902,2.443671226501465,24.440972900390648,3.092108922564904
4285,2014,6,28,13,30,1004,123,897,2.447808265686035,23.834344482421894,10.709441310334668
4286,2014,6,28,14,30,919,119,879,2.5866072177886963,23.039239501953148,24.46844976396591
4287,2014,6,28,15,30,775,111,843,2.8620309829711914,22.118707275390648,38.15934262624744
4288,2014,6,28,16,30,585,100,783,3.061833620071411,21.104211425781273,51.73212735261009
4289,2014,6,28,17,30,367,82,676,2.998325824737549,20.231958007812523,65.12166659049396
4290,2014,6,28,18,30,135,63,350,2.8450307846069336,19.515222167968773,78.23532672709621
4291,2014,6,28,19,30,0,0,0,2.822514533996582,19.300592041015648,90.93156478315416
4292,2014,6,28,20,30,0,0,0,2.7814621925354004,19.317163085937523,102.99699535962523
4293,2014,6,28,21,30,0,0,0,2.5953738689422607,19.162683105468773,114.05803706896187
4294,2014,6,28,22,30,0,0,0,2.343393564224243,18.880517578125023,123.51461940236021
4295,2014,6,28,23,30,0,0,0,2.0779545307159424,18.496942138671894,130.4300660478175
4296,2014,6,29,0,30,0,0,0,1.8480195999145508,18.192590332031273,133.64629946447326
4297,2014,6,29,1,30,0,0,0,1.6881611347198486,17.868127441406273,132.40478497542082
4298,2014,6,29,2,30,0,0,0,1.542164325714111,17.408410644531273,127.0187473554387
4299,2014,6,29,3,30,0,0,0,1.3874461650848389,17.009698486328148,118.57216678133385
4300,2014,6,29,4,30,0,0,0,1.232109546661377,16.708062744140648,108.14154235749187
4301,2014,6,29,5,30,0,0,0,1.0849758386611938,16.940667724609398,96.47371754251459
4302,2014,6,29,6,30,26,26,0,0.9605391025543212,18.139215087890648,84.02585412722918
4303,2014,6,29,7,30,116,110,16,0.9826778769493104,20.116082763671894,71.07779688788953
4304,2014,6,29,8,30,385,219,310,1.228062629699707,22.151483154296894,57.79767302513175
4305,2014,6,29,9,30,539,310,320,1.5394723415374756,23.819696044921894,44.2965912569671
4306,2014,6,29,10,30,740,314,495,1.8593099117279053,24.872491455078148,30.650182708590346
4307,2014,6,29,11,30,836,373,484,2.212294101715088,25.228204345703148,16.913796900607537
4308,2014,6,29,12,30,849,377,472,2.5265889167785645,25.219506835937523,3.13495432472574
4309,2014,6,29,13,30,1013,123,906,2.761826038360596,24.948114013671894,10.664530328522787
4310,2014,6,29,14,30,928,119,889,2.8491151332855225,24.427911376953148,24.427198848254207
4311,2014,6,29,15,30,784,111,854,2.799612045288086,23.661737060546894,38.121631373232844
4312,2014,6,29,16,30,592,100,794,2.69789457321167,22.692254638671894,51.69831270002638
4313,2014,6,29,17,30,334,131,480,2.5572094917297363,21.484033203125023,65.09234778483267
4314,2014,6,29,18,30,152,52,492,2.465729236602783,20.032067871093773,78.2113886424222
4315,2014,6,29,19,30,0,0,0,2.420015811920166,18.777093505859398,90.91422702193144
4316,2014,6,29,20,30,0,0,0,2.368605136871338,18.357537841796894,102.98824457252329
4317,2014,6,29,21,30,0,0,0,2.377939462661743,18.345819091796894,114.06045363720472
4318,2014,6,29,22,30,0,0,0,2.3000431060791016,18.066278076171894,123.53164213593092
4319,2014,6,29,23,30,0,0,0,2.1532769203186035,17.789270019531273,130.46502565934543
4320,2014,6,30,0,30,0,0,0,2.059088945388794,17.657617187500023,133.69965656956535
4321,2014,6,30,1,30,0,0,0,1.9497225284576416,17.491632080078148,132.4716310486746
4322,2014,6,30,2,30,0,0,0,1.7719016075134275,17.382104492187526,127.0915317994355
4323,2014,6,30,3,30,0,0,0,1.513467788696289,17.267724609375026,118.64535404225458
4324,2014,6,30,4,30,0,0,0,1.2616499662399292,17.072564697265648,108.21249096942181
4325,2014,6,30,5,30,0,0,0,1.1397771835327148,17.099816894531273,96.54149545811508
4326,2014,6,30,6,30,60,35,248,1.2010836601257324,17.645196533203148,84.09024923994926
4327,2014,6,30,7,30,271,71,617,1.43292498588562,18.937280273437523,71.13888497175975
4328,2014,6,30,8,30,408,207,376,1.76488196849823,20.817193603515648,57.855555776032936
4329,2014,6,30,9,30,619,243,524,2.038716077804565,22.585870361328148,44.351354195352904
4330,2014,6,30,10,30,461,396,75,2.1888666152954097,23.979760742187523,30.701841536506482
4331,2014,6,30,11,30,698,454,254,2.303167819976806,24.904168701171894,16.962198811303153
4332,2014,6,30,12,30,897,418,480,2.4886646270751958,25.026147460937523,3.177763961598416
4333,2014,6,30,13,30,1015,122,908,2.744858741760254,24.41219482421877,10.62091179469273
4334,2014,6,30,14,30,928,118,889,3.0368165969848637,23.355645751953148,24.38749241928637
4335,2014,6,30,15,30,783,111,853,3.330336570739746,22.026757812500023,38.0857996714902
4336,2014,6,30,16,30,591,99,793,3.520613670349121,20.640985107421894,51.66675126434546
4337,2014,6,30,17,30,327,136,453,3.4837114810943604,19.290124511718773,65.06569753334894
4338,2014,6,30,18,30,142,59,402,3.095566749572754,18.083856201171894,78.19058816938553
4339,2014,6,30,19,30,0,0,0,2.721873044967652,17.432366943359398,90.90057840071545
4340,2014,6,30,20,30,0,0,0,2.5349650382995605,17.136560058593773,102.98379961277205
4341,2014,6,30,21,30,0,0,0,2.2735729217529297,16.854486083984398,114.06790052245165
4342,2014,6,30,22,30,0,0,0,2.025085926055908,16.771936035156273,123.55447867490585
4343,2014,6,30,23,30,0,0,0,1.8088223934173584,16.738702392578148,130.506482273011
4344,2014,7,1,0,30,0,0,0,1.609222173690796,16.583795166015648,133.75976074867458
4345,2014,7,1,1,30,0,0,0,1.4479694366455078,16.405755615234398,132.54477361413257
4346,2014,7,1,2,30,0,0,0,1.3273677825927734,16.298638916015648,127.16963945262026
4347,2014,7,1,3,30,0,0,0,1.281958818435669,16.272668457031273,118.7227721958877
4348,2014,7,1,4,30,0,0,0,1.1933050155639648,16.145440673828148,108.28669169262864
4349,2014,7,1,5,30,0,0,0,1.0347111225128174,16.172387695312526,96.6117111745779
4350,2014,7,1,6,30,59,34,243,0.9411616325378418,16.852899169921898,84.15641175989006
4351,2014,7,1,7,30,268,71,613,0.874515175819397,18.002191162109398,71.20118253494313
4352,2014,7,1,8,30,420,192,429,0.875687837600708,19.490319824218773,57.91417294526208
4353,2014,7,1,9,30,644,221,591,0.9284892082214355,21.731500244140648,44.406439995161264
4354,2014,7,1,10,30,875,114,884,0.9220190048217772,23.771142578125023,30.753466716755238
4355,2014,7,1,11,30,990,120,909,0.9686287641525269,24.61947021484377,17.01029051506289
4356,2014,7,1,12,30,1039,123,918,1.1232740879058838,24.626672363281273,3.2208061163646136
4357,2014,7,1,13,30,793,418,381,1.3821734189987185,23.948388671875023,10.578782839063663
4358,2014,7,1,14,30,933,118,894,1.7615536451339722,22.93343505859377,24.349456097617946
4359,2014,7,1,15,30,636,320,401,2.1860365867614746,21.901086425781273,38.05195043037921
4360,2014,7,1,16,30,551,160,629,2.5350465774536133,20.820825195312523,51.63753250197495
4361,2014,7,1,17,30,370,85,675,2.7345032691955566,19.754571533203148,65.04179467320157
4362,2014,7,1,18,30,151,52,482,2.709072589874268,18.988092041015648,78.17299419435078
4363,2014,7,1,19,30,0,0,0,2.582095146179199,18.670343017578148,90.89067877529536
4364,2014,7,1,20,30,0,0,0,2.5049850940704346,18.503839111328148,102.98370727845636
4365,2014,7,1,21,30,0,0,0,2.4351186752319336,18.160729980468773,114.08041095952892
4366,2014,7,1,22,30,0,0,0,2.3430161476135254,17.725762939453148,123.58314657562158
4367,2014,7,1,23,30,0,0,0,2.147634506225586,17.406671142578148,130.554435899856
4368,2014,7,2,0,30,0,0,0,1.9153796434402464,17.206994628906273,133.82659232306088
4369,2014,7,2,1,30,0,0,0,1.7153325080871582,17.038140869140648,132.62417088040448
4370,2014,7,2,2,30,0,0,0,1.473177194595337,16.891778564453148,127.25300840015619
4371,2014,7,2,3,30,0,0,0,1.3150585889816284,16.858087158203148,118.80434623379358
4372,2014,7,2,4,30,0,0,0,1.2790062427520752,16.757012939453148,108.3640635062255
4373,2014,7,2,5,30,0,0,0,1.2579433917999268,16.710748291015648,96.68428254010651
4374,2014,7,2,6,30,58,34,238,1.3246049880981443,17.137811279296898,84.22426150800959
4375,2014,7,2,7,30,140,123,53,1.492223024368286,17.993859863281273,71.26461362700971
4376,2014,7,2,8,30,395,211,346,1.6892282962799072,19.233361816406273,57.973455008010966
4377,2014,7,2,9,30,562,300,367,1.91577672958374,20.629510498046894,44.461788732874844
4378,2014,7,2,10,30,497,409,103,2.18894624710083,21.873406982421894,30.805014518515293
4379,2014,7,2,11,30,792,366,445,2.52689266204834,22.599420166015648,17.058065881345158
4380,2014,7,2,12,30,633,490,143,2.893483638763428,22.67635498046877,3.2643719423661395
4381,2014,7,2,13,30,1013,121,907,3.2365684509277344,22.382867431640648,10.538353095684457
4382,2014,7,2,14,30,926,117,887,3.581673145294189,21.791101074218773,24.31321926035709
4383,2014,7,2,15,30,780,110,851,3.9016497135162354,20.891290283203148,38.020187887191575
4384,2014,7,2,16,30,578,114,747,4.0497026443481445,19.768945312500023,51.610745922953036
4385,2014,7,2,17,30,313,146,396,3.955049991607666,18.619195556640648,65.02071723300075
4386,2014,7,2,18,30,142,58,406,3.72994065284729,17.738000488281273,78.15867413136577
4387,2014,7,2,19,30,0,0,0,3.483088970184326,17.323571777343773,90.8845857405615
4388,2014,7,2,20,30,0,0,0,3.3137116432189937,17.155969238281273,102.98801193350195
4389,2014,7,2,21,30,0,0,0,3.0983185768127437,16.960809326171898,114.09801548006901
4390,2014,7,2,22,30,0,0,0,2.7653555870056152,16.673577880859398,123.61766065462385
4391,2014,7,2,23,30,0,0,0,2.413093090057373,16.365930175781273,130.60888403191757
4392,2014,7,3,0,30,0,0,0,2.0512428283691406,16.145501708984398,133.90012934271607
4393,2014,7,3,1,30,0,0,0,1.754138469696045,16.033105468750026,132.7097787856298
4394,2014,7,3,2,30,0,0,0,1.4923813343048096,15.969995117187526,127.34157449521008
4395,2014,7,3,3,30,0,0,0,1.2285147905349731,15.8752380371094,118.8899992991112
4396,2014,7,3,4,30,0,0,0,1.0097188949584959,15.749108886718775,108.44452417952357
4397,2014,7,3,5,30,0,0,0,0.9188547134399414,15.8414245605469,96.75912692640549
4398,2014,7,3,6,30,56,33,232,0.968217134475708,16.389062500000026,84.29371858398356
4399,2014,7,3,7,30,132,119,41,1.1118749380111694,17.376458740234398,71.32910335318134
4400,2014,7,3,8,30,356,229,240,1.3112987279891968,18.543634033203148,58.03333434134096
4401,2014,7,3,9,30,370,318,73,1.4921741485595703,20.150109863281273,44.51734341788914
4402,2014,7,3,10,30,317,295,25,1.6393142938613892,21.739190673828148,30.85644565723248
4403,2014,7,3,11,30,589,464,130,1.8469600677490237,22.628686523437523,17.105526344452556
4404,2014,7,3,12,30,263,242,21,2.138383150100708,23.152368164062523,3.3087732058119883
4405,2014,7,3,13,30,802,388,421,2.475396156311035,23.320458984375023,10.499844380266863
4406,2014,7,3,14,30,828,328,548,2.878961563110352,22.957025146484398,24.27891482442757
4407,2014,7,3,15,30,679,260,532,3.300074577331543,22.004510498046894,37.990617436932396
4408,2014,7,3,16,30,544,165,610,3.5823361873626713,20.752282714843773,51.58648095037057
4409,2014,7,3,17,30,288,164,292,3.585466861724853,19.393212890625023,65.00254231568391
4410,2014,7,3,18,30,120,73,227,3.332859992980957,18.067468261718773,78.1476938263087
4411,2014,7,3,19,30,0,0,0,3.0568690299987797,17.383813476562526,90.88235448466742
4412,2014,7,3,20,30,0,0,0,2.898956775665283,17.144342041015648,102.99675545428437
4413,2014,7,3,21,30,0,0,0,2.6758017539978027,16.812646484375026,114.12074188083788
4414,2014,7,3,22,30,0,0,0,2.410736083984375,16.663537597656273,123.65803297728992
4415,2014,7,3,23,30,0,0,0,2.230465173721313,16.554315185546898,130.66982164779026
4416,2014,7,4,0,30,0,0,0,2.038883209228516,16.303552246093773,133.98034760298555
4417,2014,7,4,1,30,0,0,0,1.8249294757843015,16.073022460937526,132.80155102101185
4418,2014,7,4,2,30,0,0,0,1.5647380352020264,15.87798461914065,127.4352713975398
4419,2014,7,4,3,30,0,0,0,1.2910568714141846,15.7150817871094,118.97965274769129
4420,2014,7,4,4,30,0,0,0,1.1080316305160522,15.5701843261719,108.52799035148823
4421,2014,7,4,5,30,0,0,0,1.0185079574584959,15.61736450195315,96.8361613174844
4422,2014,7,4,6,30,56,33,230,1.0251932144165041,16.131738281250026,84.36470345592116
4423,2014,7,4,7,30,107,104,9,1.2059152126312256,17.305780029296898,71.39457795783022
4424,2014,7,4,8,30,489,90,755,1.522974133491516,19.096307373046894,58.09374529446671
4425,2014,7,4,9,30,697,104,833,1.7807636260986328,20.681420898437523,44.57305003951417
4426,2014,7,4,10,30,278,260,20,1.9439651966094968,21.742486572265648,30.907725297460452
4427,2014,7,4,11,30,130,125,5,2.158719301223755,22.621972656250023,17.152680786900433
4428,2014,7,4,12,30,205,187,17,2.4491782188415527,23.063348388671894,3.35433983769552
4429,2014,7,4,13,30,1011,120,905,2.778191089630127,22.897119140625023,10.463490273351114
4430,2014,7,4,14,30,926,116,887,3.1607739925384517,22.290765380859398,24.24667901285244
4431,2014,7,4,15,30,781,109,852,3.510149955749512,21.362359619140648,37.96334545602078
4432,2014,7,4,16,30,590,98,792,3.7104768753051762,20.255487060546894,51.56482677752798
4433,2014,7,4,17,30,371,81,686,3.5832691192626958,19.062707519531273,64.98734598112621
4434,2014,7,4,18,30,122,71,247,3.2741494178771973,17.963006591796898,78.14011746213644
4435,2014,7,4,19,30,0,0,0,3.005314826965332,17.386102294921898,90.88403766109049
4436,2014,7,4,20,30,0,0,0,2.7656688690185547,17.126245117187526,103.00997717858203
4437,2014,7,4,21,30,0,0,0,2.548346519470215,16.847222900390648,114.14861519418456
4438,2014,7,4,22,30,0,0,0,2.313870429992676,16.628137207031273,123.70427284823536
4439,2014,7,4,23,30,0,0,0,1.9854478836059568,16.337976074218773,130.73724121966586
4440,2014,7,5,0,30,0,0,0,1.552623271942139,16.005212402343773,134.06722066259883
4441,2014,7,5,1,30,0,0,0,1.1461267471313477,15.7684265136719,132.89943905546076
4442,2014,7,5,2,30,0,0,0,0.9059389233589172,15.55181274414065,127.53403061315028
4443,2014,7,5,3,30,0,0,0,0.9501056671142578,15.3078552246094,119.07322621015075
4444,2014,7,5,4,30,0,0,0,1.1849203109741209,15.125817871093775,108.61437761059419
4445,2014,7,5,5,30,0,0,0,1.4013214111328125,15.3004089355469,96.91530239800665
4446,2014,7,5,6,30,55,33,228,1.4116917848587036,16.112756347656273,84.43713704874189
4447,2014,7,5,7,30,262,69,607,1.1923365592956543,17.690423583984398,71.46096490570723
4448,2014,7,5,8,30,490,90,758,0.9558827877044678,19.806054687500023,58.154624255483796
4449,2014,7,5,9,30,699,103,836,0.9896270036697388,21.698846435546894,44.628857609230316
4450,2014,7,5,10,30,690,346,401,1.2857117652893066,23.007379150390648,30.958823049783067
4451,2014,7,5,11,30,437,395,43,1.6404062509536743,23.742089843750023,17.199545416544822
4452,2014,7,5,12,30,720,476,244,1.992299437522888,24.047235107421894,3.4014172610542204
4453,2014,7,5,13,30,600,479,123,2.358931541442871,23.900201416015648,10.429535599408498
4454,2014,7,5,14,30,406,370,39,2.735912322998047,23.217431640625023,24.216651103579025
4455,2014,7,5,15,30,509,375,169,3.1083431243896484,22.218133544921894,37.93847911989505
4456,2014,7,5,16,30,399,282,187,3.440154552459717,20.960443115234398,51.54587222322812
4457,2014,7,5,17,30,235,179,134,3.512200355529785,19.479547119140648,64.97520312908678
4458,2014,7,5,18,30,154,51,499,3.267930269241333,18.067773437500023,78.13600746550412
4459,2014,7,5,19,30,0,0,0,2.9414236545562744,17.119836425781273,90.88968528520591
4460,2014,7,5,20,30,0,0,0,2.67049503326416,16.702935791015648,103.02771385649127
4461,2014,7,5,21,30,0,0,0,2.5145716667175293,16.605340576171898,114.1816576603176
4462,2014,7,5,22,30,0,0,0,2.3457107543945312,16.356347656250026,123.75638680323969
4463,2014,7,5,23,30,0,0,0,2.0876514911651607,15.978845214843775,130.8111327217988
4464,2014,7,6,0,30,0,0,0,1.8722606897354128,15.80632934570315,134.16071986305928
4465,2014,7,6,1,30,0,0,0,1.7216832637786863,15.57708129882815,133.0033921612337
4466,2014,7,6,2,30,0,0,0,1.5403227806091309,15.262963867187526,127.63778153497309
4467,2014,7,6,3,30,0,0,0,1.4334404468536377,15.145288085937526,119.170637655094
4468,2014,7,6,4,30,0,0,0,1.3958100080490112,14.964318847656275,108.70360057546999
4469,2014,7,6,5,30,0,0,0,1.3475221395492554,14.8487487792969,96.99646664158924
4470,2014,7,6,6,30,54,32,225,1.4040998220443726,15.392297363281275,84.51094083126904
4471,2014,7,6,7,30,262,69,608,1.5671732425689695,16.578942871093773,71.52819296061048
4472,2014,7,6,8,30,490,89,760,1.8055331707000728,18.255090332031273,58.21590971452894
4473,2014,7,6,9,30,700,103,839,2.0035951137542725,19.977655029296894,44.68471819831889
4474,2014,7,6,10,30,340,315,28,2.110280513763428,21.304132080078148,31.009712962291093
4475,2014,7,6,11,30,983,118,906,2.233682155609131,22.259973144531273,17.246143637877353
4476,2014,7,6,12,30,451,410,41,2.439380645751953,22.778009033203148,3.45036347528324
4477,2014,7,6,13,30,323,300,23,2.688159704208374,22.737023925781273,10.398235792409011
4478,2014,7,6,14,30,929,116,891,2.9278054237365723,22.100335693359398,24.188973160775266
4479,2014,7,6,15,30,785,108,857,3.1648283004760738,21.048486328125023,37.91612621476219
4480,2014,7,6,16,30,593,97,796,3.3605365753173833,19.835656738281273,51.529705585307724
4481,2014,7,6,17,30,373,80,691,3.3753232955932617,18.537469482421894,64.96618738232155
4482,2014,7,6,18,30,107,77,142,3.1281647682189937,17.214257812500026,78.13542441474719
4483,2014,7,6,19,30,0,0,0,2.871453046798706,16.346185302734398,90.8993446596366
4484,2014,7,6,20,30,0,0,0,2.7305688858032227,16.077050781250026,103.04999960359854
4485,2014,7,6,21,30,0,0,0,2.530481576919556,16.033105468750026,114.21988870170813
4486,2014,7,6,22,30,0,0,0,2.244184970855713,15.8946472167969,123.81437860285936
4487,2014,7,6,23,30,0,0,0,1.896706342697144,15.613854980468775,130.8914836403875
4488,2014,7,7,0,30,0,0,0,1.5758104324340818,15.382836914062526,134.26081434936356
4489,2014,7,7,1,30,0,0,0,1.3793892860412598,15.217736816406275,133.11335744057462
4490,2014,7,7,2,30,0,0,0,1.2630493640899658,15.032556152343775,127.74645148446993
4491,2014,7,7,3,30,0,0,0,1.2184903621673584,14.758752441406275,119.27180345335405
4492,2014,7,7,4,30,0,0,0,1.3206392526626587,14.47026977539065,108.79557297604957
4493,2014,7,7,5,30,0,0,0,1.4701981544494631,14.550622558593775,97.079570398605
4494,2014,7,7,6,30,53,32,221,1.5002597570419312,15.4772888183594,84.58603690180706
4495,2014,7,7,7,30,260,69,607,1.318578600883484,17.150537109375026,71.59619226152397
4496,2014,7,7,8,30,488,89,759,1.0695347785949707,19.174371337890648,58.27754232336358
4497,2014,7,7,9,30,698,103,838,0.940943717956543,21.550225830078148,44.74058697093079
4498,2014,7,7,10,30,868,112,882,0.866019606590271,23.509973144531273,31.06037350662653
4499,2014,7,7,11,30,984,117,907,0.864490270614624,24.553826904296894,17.292505917088008
4500,2014,7,7,12,30,732,473,259,1.0328965187072754,24.926019287109398,3.501545895940112
4501,2014,7,7,13,30,542,461,81,1.3703017234802246,24.619775390625023,10.369856139662673
4502,2014,7,7,14,30,641,436,224,1.921905517578125,23.732202148437523,24.163789748560017
4503,2014,7,7,15,30,785,108,857,2.6632096767425537,22.360742187500023,37.89639494388281
4504,2014,7,7,16,30,592,97,796,3.357264280319214,20.774346923828148,51.51641449269408
4505,2014,7,7,17,30,372,80,689,3.7280244827270512,19.346582031250023,64.96037097023441
4506,2014,7,7,18,30,152,50,493,3.822908639907837,18.457543945312523,78.13842694942994
4507,2014,7,7,19,30,0,0,0,3.757058143615722,18.099359130859398,90.91306032939458
4508,2014,7,7,20,30,0,0,0,3.5813188552856445,17.914056396484398,103.07686585642416
4509,2014,7,7,21,30,0,0,0,3.27091908454895,17.715722656250023,114.26332489942726
4510,2014,7,7,22,30,0,0,0,2.8686313629150386,17.476831054687526,123.87824922760667
4511,2014,7,7,23,30,0,0,0,2.4640746116638184,17.224542236328148,130.97827898482666
4512,2014,7,8,0,30,0,0,0,2.0307111740112305,16.941949462890648,134.3674710920067
4513,2014,7,8,1,30,0,0,0,1.660775661468506,16.713525390625026,133.22927985327172
4514,2014,7,8,2,30,0,0,0,1.3879313468933103,16.635308837890648,127.859965754225
4515,2014,7,8,3,30,0,0,0,1.2142996788024902,16.539178466796898,119.37663844315307
4516,2014,7,8,4,30,0,0,0,1.1057744026184082,16.466180419921898,108.89020773510175
4517,2014,7,8,5,30,0,0,0,1.05920147895813,16.600000000000026,97.16452998356262
4518,2014,7,8,6,30,43,31,129,1.1824438571929932,17.147821044921898,84.66234807229155
4519,2014,7,8,7,30,217,107,349,1.4513593912124634,18.093225097656273,71.6648943963479
4520,2014,7,8,8,30,442,140,576,1.6995781660079956,19.061883544921894,58.33946495140878
4521,2014,7,8,9,30,617,219,561,1.8394384384155276,19.972131347656273,44.79642221270275
4522,2014,7,8,10,30,669,361,360,1.896572947502136,20.856225585937523,31.11078755878009
4523,2014,7,8,11,30,723,425,311,1.930767059326172,21.687188720703148,17.33866964072581
4524,2014,7,8,12,30,902,395,508,1.9609066247940063,22.113916015625023,3.5553379667726968
4525,2014,7,8,13,30,770,422,354,2.0426793098449707,21.900537109375023,10.344670896448307
4526,2014,7,8,14,30,820,318,550,2.252009391784668,21.326654052734398,24.141247627069802
4527,2014,7,8,15,30,612,329,358,2.54426383972168,20.596948242187523,37.87939372854019
4528,2014,7,8,16,30,282,253,45,2.728357315063477,19.830773925781273,51.50608575632768
4529,2014,7,8,17,30,175,161,32,2.660576820373535,19.024560546875023,64.95782461329574
4530,2014,7,8,18,30,60,60,0,2.362301826477051,18.268182373046894,78.14507168186769
4531,2014,7,8,19,30,0,0,0,2.1037859916687007,17.985467529296898,90.93087406461771
4532,2014,7,8,20,30,0,0,0,2.018270254135132,18.063989257812523,103.10834133010451
4533,2014,7,8,21,30,0,0,0,1.9434156417846682,17.973199462890648,114.31197997155896
4534,2014,7,8,22,30,0,0,0,1.8874928951263428,17.747003173828148,123.9479968747814
4535,2014,7,8,23,30,0,0,0,1.8891574144363403,17.520806884765648,131.0715013003597
4536,2014,7,9,0,30,0,0,0,1.8310353755950928,17.281091308593773,134.48065491023806
4537,2014,7,9,1,30,0,0,0,1.6580612659454346,17.003503417968773,133.35110224503487
4538,2014,7,9,2,30,0,0,0,1.4589117765426636,16.837213134765648,127.97824765131688
4539,2014,7,9,3,30,0,0,0,1.2848225831985474,16.804620361328148,119.48505599624544
4540,2014,7,9,4,30,0,0,0,1.1030435562133791,16.705194091796898,108.98741705026606
4541,2014,7,9,5,30,0,0,0,0.9655499458312988,16.725885009765648,97.2512617619637
4542,2014,7,9,6,30,3,3,0,0.94280344247818,17.125573730468773,84.73979795066946
4543,2014,7,9,7,30,15,15,0,1.0061691999435425,17.925469970703148,71.73423247271229
4544,2014,7,9,8,30,141,139,4,1.1405410766601562,19.088983154296894,58.401622738125106
4545,2014,7,9,9,30,99,99,0,1.3463473320007324,20.622399902343773,44.85218535483054
4546,2014,7,9,10,30,267,250,20,1.5884476900100708,21.637933349609398,31.16094237474198
4547,2014,7,9,11,30,625,460,172,1.8434163331985476,21.702905273437523,17.384678967734402
4548,2014,7,9,12,30,683,478,204,2.1205646991729736,21.503350830078148,3.612115579889576
4549,2014,7,9,13,30,537,456,82,2.4225668907165527,21.126367187500023,10.322962265888393
4550,2014,7,9,14,30,612,435,193,2.678215980529785,20.583917236328148,24.121495431427906
4551,2014,7,9,15,30,659,266,498,2.8703858852386475,19.880212402343773,37.86523100430585
4552,2014,7,9,16,30,386,280,169,3.026254415512085,19.036798095703148,51.49880521927845
4553,2014,7,9,17,30,170,159,26,3.024491310119629,18.166131591796894,64.95861740848737
4554,2014,7,9,18,30,56,56,0,2.879593849182129,17.452539062500026,78.15541311020371
4555,2014,7,9,19,30,0,0,0,2.6781787872314453,17.104669189453148,90.95282486525602
4556,2014,7,9,20,30,0,0,0,2.496528625488281,16.946374511718773,103.14445197842855
4557,2014,7,9,21,30,0,0,0,2.322434902191162,16.802148437500026,114.36586475354888
4558,2014,7,9,22,30,0,0,0,2.1286153793334956,16.613366699218773,124.02361695675842
4559,2014,7,9,23,30,0,0,0,1.940346121788025,16.398187255859398,131.17113068196159
4560,2014,7,10,0,30,0,0,0,1.721174240112305,16.261102294921898,134.60032849650221
4561,2014,7,10,1,30,0,0,0,1.4721674919128418,16.097131347656273,133.47876537677556
4562,2014,7,10,2,30,0,0,0,1.2315210103988647,16.028192138671898,128.10121854169705
4563,2014,7,10,3,30,0,0,0,1.0425562858581543,16.060754394531273,119.59696808497377
4564,2014,7,10,4,30,0,0,0,0.9584054946899414,15.9103942871094,109.08711247641762
4565,2014,7,10,5,30,0,0,0,1.0768804550170898,15.9239440917969,97.33968223658134
4566,2014,7,10,6,30,10,10,0,1.3181581497192385,16.450067138671898,84.81831102183197
4567,2014,7,10,7,30,52,52,0,1.585174798965454,17.355615234375026,71.80414118643006
4568,2014,7,10,8,30,153,149,7,1.8391345739364624,18.347741699218773,58.463963141953144
4569,2014,7,10,9,30,176,168,10,2.04605484008789,19.336602783203148,44.90784099403576
4570,2014,7,10,10,30,315,292,26,2.263123750686645,20.414849853515648,31.210829561249398
4571,2014,7,10,11,30,608,458,157,2.5721261501312256,21.028649902343773,17.4305846745484
4572,2014,7,10,12,30,767,433,334,2.9093809127807617,21.038751220703148,3.6722533586983697
4573,2014,7,10,13,30,776,410,371,3.1942028999328613,20.814965820312523,10.305019240148669
4574,2014,7,10,14,30,758,320,479,3.383671283721924,20.423516845703148,24.10468333350953
4575,2014,7,10,15,30,414,354,76,3.4311413764953613,19.886773681640648,37.854015012675966
4576,2014,7,10,16,30,551,147,649,3.3376760482788086,19.163293457031273,51.49465760613429
4577,2014,7,10,17,30,326,133,457,3.132951259613037,18.316430664062523,64.96281671577142
4578,2014,7,10,18,30,122,70,251,2.8335247039794917,17.566949462890648,78.16950353385363
4579,2014,7,10,19,30,0,0,0,2.6797657012939453,17.243249511718773,90.97894898081114
4580,2014,7,10,20,30,0,0,0,2.7268733978271484,17.148767089843773,103.18522095624037
4581,2014,7,10,21,30,0,0,0,2.772716760635376,17.019982910156273,114.4249871806457
4582,2014,7,10,22,30,0,0,0,2.8058228492736816,16.973168945312526,124.10510210093798
4583,2014,7,10,23,30,0,0,0,2.7991530895233154,16.975854492187526,131.27714478958686
4584,2014,7,11,0,30,0,0,0,2.745782852172852,16.953332519531273,134.72645244204813
4585,2014,7,11,1,30,0,0,0,2.643341541290283,16.877404785156273,133.61220795456958
4586,2014,7,11,2,30,0,0,0,2.586175441741944,16.768640136718773,128.22879789531308
4587,2014,7,11,3,30,0,0,0,2.57130765914917,16.639978027343773,119.71228535016621
4588,2014,7,11,4,30,0,0,0,2.586705207824707,16.547326660156273,109.1892050082864
4589,2014,7,11,5,30,0,0,0,2.657665252685547,16.605798339843773,97.42970813293437
4590,2014,7,11,6,30,10,10,0,2.805719375610352,16.925836181640648,84.89781272653198
4591,2014,7,11,7,30,55,55,0,3.1130588054656982,17.754968261718773,71.87455688705104
4592,2014,7,11,8,30,281,228,102,3.4767167568206787,18.794122314453148,58.52643598565025
4593,2014,7,11,9,30,404,327,109,3.796967029571533,19.643243408203148,44.96335690806539
4594,2014,7,11,10,30,660,371,337,4.025156497955321,20.463433837890648,31.260445041529174
4595,2014,7,11,11,30,748,412,352,4.211845397949219,21.180871582031273,17.476443992651852
4596,2014,7,11,12,30,823,375,449,4.3706016540527335,21.585809326171894,3.736120874414525
4597,2014,7,11,13,30,707,466,245,4.4470319747924805,21.618859863281273,10.291136302275405
4598,2014,7,11,14,30,609,441,184,4.434906482696533,21.314538574218773,24.09096268739819
4599,2014,7,11,15,30,441,365,96,4.315354347229004,20.730767822265648,37.84585358871138
4600,2014,7,11,16,30,408,280,205,4.0319342613220215,19.877526855468773,51.49372637230866
4601,2014,7,11,17,30,179,164,36,3.5572509765625,18.720117187500023,64.97048804612501
4602,2014,7,11,18,30,56,56,0,3.0252928733825684,17.396600341796898,78.18739297089998
4603,2014,7,11,19,30,0,0,0,2.694588661193848,16.584924316406273,91.01232796387771
4604,2014,7,11,20,30,0,0,0,2.552757740020752,16.568048095703148,103.23066858420151
4605,2014,7,11,21,30,0,0,0,2.362711906433105,16.653894042968773,114.48935227228705
4606,2014,7,11,22,30,0,0,0,2.1629762649536133,16.494470214843773,124.19244215103431
4607,2014,7,11,23,30,0,0,0,2.0224554538726807,16.319757080078148,131.3895188645598
4608,2014,7,12,0,30,0,0,0,1.826660394668579,16.147882080078148,134.8589852636256
4609,2014,7,12,1,30,0,0,0,1.589470386505127,15.97295532226565,133.75136666038424
4610,2014,7,12,2,30,0,0,0,1.345903992652893,15.87505493164065,128.36090333206587
4611,2014,7,12,3,30,0,0,0,1.064891338348389,15.738427734375026,119.83091716994836
4612,2014,7,12,4,30,0,0,0,0.8127264976501465,15.50505981445315,109.29360516339199
4613,2014,7,12,5,30,0,0,0,0.649569034576416,15.476220703125026,97.5212564842918
4614,2014,7,12,6,30,36,29,77,0.6539559960365295,16.390405273437526,84.97822953878605
4615,2014,7,12,7,30,191,119,229,0.9555443525314332,18.308312988281273,71.94541764082373
4616,2014,7,12,8,30,485,88,762,1.5183639526367188,20.210656738281273,58.588993498131465
4617,2014,7,12,9,30,698,101,843,2.0966167449951167,21.688623046875023,45.01870406713903
4618,2014,7,12,10,30,870,111,889,2.5400171279907227,22.951531982421894,31.309789016344514
4619,2014,7,12,11,30,988,116,913,2.816798210144043,23.876336669921894,17.52232043845659
4620,2014,7,12,12,30,745,471,274,2.9662914276123047,24.329309082031273,3.8040788817815065
4621,2014,7,12,13,30,734,466,272,3.0698728561401367,24.323449707031273,10.281611990181162
4622,2014,7,12,14,30,940,114,904,3.173923254013061,23.862451171875023,24.080485658972933
4623,2014,7,12,15,30,795,107,871,3.287805795669556,23.018121337890648,37.84085394514797
4624,2014,7,12,16,30,602,96,812,3.3771281242370605,21.840966796875023,51.49609355325406
4625,2014,7,12,17,30,379,79,709,3.2912397384643555,20.323175048828148,64.98169495102411
4626,2014,7,12,18,30,155,50,516,3.0276093482971187,18.708581542968773,78.2091290779405
4627,2014,7,12,19,30,0,0,0,2.789580583572388,17.538323974609398,91.04679620305244
4628,2014,7,12,20,30,0,0,0,2.6309847831726074,16.779687500000026,103.2808123160223
4629,2014,7,12,21,30,0,0,0,2.4463844299316406,16.532250976562526,114.55896211853847
4630,2014,7,12,22,30,0,0,0,2.1000988483428955,16.663629150390648,124.28562417002762
4631,2014,7,12,23,30,0,0,0,1.6813504695892334,16.645288085937526,131.50822574725254
4632,2014,7,13,0,30,0,0,0,1.3946866989135742,16.597283935546898,134.99788343124936
4633,2014,7,13,1,30,0,0,0,1.1520516872406006,16.476831054687526,133.896176183424
4634,2014,7,13,2,30,0,0,0,0.8790881633758545,16.295678710937526,128.49745066849994
4635,2014,7,13,3,30,0,0,0,0.7789720892906189,15.9892517089844,119.95277172928637
4636,2014,7,13,4,30,0,0,0,0.953821897506714,15.53460083007815,109.4002230650542
4637,2014,7,13,5,30,0,0,0,1.2201683521270752,15.56255493164065,97.61424471548156
4638,2014,7,13,6,30,47,25,259,1.2930744886398315,16.559503173828148,85.05949330861658
4639,2014,7,13,7,30,255,67,609,1.0973987579345703,18.366113281250023,72.01666329081772
4640,2014,7,13,8,30,486,88,765,0.7502695322036743,20.765985107421894,58.651590352711096
4641,2014,7,13,9,30,698,101,844,0.5896735191345215,23.038720703125023,45.07385664114553
4642,2014,7,13,10,30,869,110,888,0.7590110301971436,24.54427490234377,31.358865920088586
4643,2014,7,13,11,30,986,116,912,1.079146146774292,25.279351806640648,17.56828363464814
4644,2014,7,13,12,30,1038,118,921,1.4978302717208862,25.294976806640648,3.876475667317408
4645,2014,7,13,13,30,1021,118,918,1.9397115707397459,24.763726806640648,10.276747328894686
4646,2014,7,13,14,30,937,114,901,2.321518898010254,23.949853515625023,24.07340484073903
4647,2014,7,13,15,30,792,107,867,2.579301357269287,23.117700195312523,37.839122453498014
4648,2014,7,13,16,30,599,96,808,2.6878132820129395,22.225000000000023,51.5018396142524
4649,2014,7,13,17,30,377,79,705,2.625743865966797,21.030145263671894,64.99649891396153
4650,2014,7,13,18,30,154,50,513,2.498232841491699,19.472009277343773,78.23475707237691
4651,2014,7,13,19,30,0,0,0,2.3856208324432373,18.203454589843773,91.08552545415615
4652,2014,7,13,20,30,0,0,0,2.165067195892334,17.613610839843773,103.3356667080565
4653,2014,7,13,21,30,0,0,0,1.886237859725952,17.566796875000026,114.63381586843842
4654,2014,7,13,22,30,0,0,0,1.644975662231445,17.720727539062523,124.38463244437423
4655,2014,7,13,23,30,0,0,0,1.4375150203704834,17.657312011718773,131.63323589580716
4656,2014,7,14,0,30,0,0,0,1.2478091716766355,17.433923339843773,135.14310139695144
4657,2014,7,14,1,30,0,0,0,1.0734469890594482,17.121240234375026,134.04656925208212
4658,2014,7,14,2,30,0,0,0,0.9656754732131958,16.759210205078148,128.63835396532215
4659,2014,7,14,3,30,0,0,0,1.0018095970153809,16.413873291015648,120.07775609042443
4660,2014,7,14,4,30,0,0,0,1.1809006929397583,16.069482421875026,109.50896852564419
4661,2014,7,14,5,30,0,0,0,1.3998382091522217,15.880761718750026,97.70859072613258
4662,2014,7,14,6,30,47,25,257,1.5214563608169556,16.462121582031273,85.14152386304517
4663,2014,7,14,7,30,110,105,17,1.4282371997833252,18.205255126953148,72.08823551429609
4664,2014,7,14,8,30,487,88,768,1.178213119506836,20.863214111328148,58.71418370199029
4665,2014,7,14,9,30,700,101,848,0.980953812599182,23.369531250000023,45.128792002888964
4666,2014,7,14,10,30,873,110,893,0.9115582704544068,25.063165283203148,31.40768437250813
4667,2014,7,14,11,30,989,116,916,0.967469334602356,26.126428222656273,17.614409122872985
4668,2014,7,14,12,30,1041,118,924,1.20670747756958,26.461694335937523,3.9536436083167104
4669,2014,7,14,13,30,1024,118,920,1.5836012363433838,26.135491943359398,10.276844139912058
4670,2014,7,14,14,30,939,114,903,1.9230215549468996,25.509484863281273,24.069872852725425
4671,2014,7,14,15,30,793,107,869,2.1724882125854488,24.843560791015648,37.84076442260503
4672,2014,7,14,16,30,582,123,736,2.3980255126953125,23.934075927734398,51.511043300845174
4673,2014,7,14,17,30,377,79,706,2.5723276138305664,22.490075683593773,65.01495924384658
4674,2014,7,14,18,30,154,49,512,2.700216293334961,20.558892822265648,78.26431965723839
4675,2014,7,14,19,30,0,0,0,2.723017692565918,18.926934814453148,91.1285428161916
4676,2014,7,14,20,30,0,0,0,2.618953227996826,17.882684326171898,103.39524339143594
4677,2014,7,14,21,30,0,0,0,2.4636156558990483,17.160394287109398,114.71390972038755
4678,2014,7,14,22,30,0,0,0,2.248481273651123,17.170556640625026,124.4894484897145
4679,2014,7,14,23,30,0,0,0,1.950854539871216,17.607080078125023,131.7645174060088
4680,2014,7,15,0,30,0,0,0,1.5818746089935305,17.772943115234398,135.2945916244899
4681,2014,7,15,1,30,0,0,0,1.2120237350463867,17.723535156250023,134.2024766664596
4682,2014,7,15,2,30,0,0,0,0.8820075988769531,17.649560546875023,128.78352557555428
4683,2014,7,15,3,30,0,0,0,0.6686291694641113,17.495843505859398,120.20577626395979
4684,2014,7,15,4,30,0,0,0,0.7303344011306763,17.114312744140648,109.61975112976064
4685,2014,7,15,5,30,0,0,0,1.026867151260376,16.934381103515648,97.80421297273085
4686,2014,7,15,6,30,45,24,250,1.2768375873565674,17.614892578125023,85.22425569625848
4687,2014,7,15,7,30,184,119,212,1.339888095855713,19.314721679687523,72.16007787729052
4688,2014,7,15,8,30,483,87,763,1.2594459056854248,21.530938720703148,58.776733209144744
4689,2014,7,15,9,30,696,101,844,1.0838263034820557,23.748925781250023,45.18349072726795
4690,2014,7,15,10,30,869,110,889,0.8411206007003784,25.741265869140648,31.45625712542661
4691,2014,7,15,11,30,986,116,913,0.6263025999069214,27.131768798828148,17.660778166930942
4692,2014,7,15,12,30,1038,118,922,0.6375715136528015,27.656884765625023,4.035896036884921
4693,2014,7,15,13,30,1021,117,918,0.8949110507965088,27.323541259765648,10.282203241566462
4694,2014,7,15,14,30,936,114,900,1.2329171895980835,26.516046142578148,24.070041930884713
4695,2014,7,15,15,30,791,107,866,1.5620732307434082,25.522882080078148,37.845883875372074
4696,2014,7,15,16,30,598,95,808,1.883358597755432,24.40340576171877,51.5237814904814
4697,2014,7,15,17,30,376,79,704,2.178761959075928,22.97664794921877,65.03713297082163
4698,2014,7,15,18,30,153,49,510,2.429728984832764,21.195062255859398,78.29785694882081
4699,2014,7,15,19,30,0,0,0,2.540351867675781,19.720086669921894,91.17587257499788
4700,2014,7,15,20,30,0,0,0,2.4730048179626465,18.742333984375023,103.45955104659173
4701,2014,7,15,21,30,0,0,0,2.383859157562256,18.402703857421894,114.79923691440308
4702,2014,7,15,22,30,0,0,0,2.2975645065307617,18.618524169921894,124.60005105785801
4703,2014,7,15,23,30,0,0,0,2.1759963035583496,18.644342041015648,131.9020360321617
4704,2014,7,16,0,30,0,0,0,1.9999942779541016,18.517480468750023,135.45230461994962
4705,2014,7,16,1,30,0,0,0,1.818916201591492,18.481256103515648,134.36382733135477
4706,2014,7,16,2,30,0,0,0,1.7163248062133791,18.469781494140648,128.932876193501
4707,2014,7,16,3,30,0,0,0,1.6106789112091064,18.265893554687523,120.33673728075529
4708,2014,7,16,4,30,0,0,0,1.4921245574951172,17.919702148437523,109.73248031752443
4709,2014,7,16,5,30,0,0,0,1.4480183124542236,17.765374755859398,97.90103054973636
4710,2014,7,16,6,30,44,24,247,1.5406236648559568,18.226525878906273,85.30762017092933
4711,2014,7,16,7,30,251,67,604,1.5859861373901367,19.545953369140648,72.23213588631182
4712,2014,7,16,8,30,481,87,762,1.4287420511245728,21.462182617187523,58.83920107583469
4713,2014,7,16,9,30,694,101,842,1.2072553634643557,23.48958740234377,45.237936586540364
4714,2014,7,16,10,30,866,110,886,1.0054601430892944,25.107904052734398,31.50460100508146
4715,2014,7,16,11,30,983,115,910,0.8825845718383789,25.989160156250023,17.707477546186173
4716,2014,7,16,12,30,1035,118,919,0.8757085800170898,26.308282470703148,4.1235244948076675
4717,2014,7,16,13,30,1018,117,915,0.9829948544502258,26.098626708984398,10.293122558284026
4718,2014,7,16,14,30,933,113,897,1.3058586120605469,25.402642822265648,24.074063504351006
4719,2014,7,16,15,30,788,106,863,1.8618383407592771,24.507287597656273,37.85458332423881
4720,2014,7,16,16,30,594,95,802,2.403043508529663,23.311883544921894,51.540129045545214
4721,2014,7,16,17,30,372,78,696,2.7143187522888184,21.789331054687523,65.06307474450648
4722,2014,7,16,18,30,135,61,365,2.737143516540528,20.460107421875023,78.33540640712819
4723,2014,7,16,19,30,0,0,0,2.6196584701538086,19.954400634765648,91.22753615924158
4724,2014,7,16,20,30,0,0,0,2.5046920776367188,19.974267578125023,103.52859538035592
4725,2014,7,16,21,30,0,0,0,2.3404560089111333,19.952355957031273,114.88978772638184
4726,2014,7,16,22,30,0,0,0,2.1379902362823486,19.867150878906273,124.71641614513528
4727,2014,7,16,23,30,0,0,0,1.9469852447509768,19.691247558593773,132.04575520896668
4728,2014,7,17,0,30,0,0,0,1.7834947109222412,19.458306884765648,135.6161889631866
4729,2014,7,17,1,30,0,0,0,1.662853479385376,19.216363525390648,134.5305482896922
4730,2014,7,17,2,30,0,0,0,1.5140697956085205,18.976281738281273,129.0863149042809
4731,2014,7,17,3,30,0,0,0,1.3702833652496338,18.806451416015648,120.47054326448624
4732,2014,7,17,4,30,0,0,0,1.402064561843872,18.622888183593773,109.84706546774562
4733,2014,7,17,5,30,0,0,0,1.6256153583526611,18.469750976562523,97.99896326961607
4734,2014,7,17,6,30,42,23,234,1.8413162231445312,18.960015869140648,85.3915500412458
4735,2014,7,17,7,30,245,66,588,1.9145715236663816,20.411309814453148,72.30435703719746
4736,2014,7,17,8,30,472,86,747,2.015585899353028,22.446038818359398,58.90155206657717
4737,2014,7,17,9,30,683,100,828,2.1485245227813716,24.475488281250023,45.29211654159691
4738,2014,7,17,10,30,854,109,874,2.0883417129516597,25.887445068359398,31.55273684966258
4739,2014,7,17,11,30,971,115,899,1.856747031211853,26.678033447265648,17.754599338454174
4740,2014,7,17,12,30,1025,117,909,1.5492395162582395,26.761468505859398,4.216796449741153
4741,2014,7,17,13,30,1009,117,907,1.1324472427368164,26.469201660156273,10.309895160755076
4742,2014,7,17,14,30,749,347,440,0.6014859080314636,26.319604492187523,24.082087763255693
4743,2014,7,17,15,30,179,172,9,0.5979920625686646,26.142449951171894,37.86696354607562
4744,2014,7,17,16,30,118,118,0,1.1487553119659424,25.706048583984398,51.56015866835783
4745,2014,7,17,17,30,61,61,0,1.5912590026855469,24.700982666015648,65.09283673502415
4746,2014,7,17,18,30,40,40,0,1.83313262462616,23.140374755859398,78.37700276926884
4747,2014,7,17,19,30,0,0,0,1.9241151809692385,21.909234619140648,91.28355209925135
4748,2014,7,17,20,30,0,0,0,1.8885347843170168,21.262750244140648,103.60237910544932
4749,2014,7,17,21,30,0,0,0,1.7652277946472168,20.680932617187523,114.9855494641683
4750,2014,7,17,22,30,0,0,0,1.7476515769958496,20.218438720703148,124.83851700193115
4751,2014,7,17,23,30,0,0,0,1.9031955003738403,20.019586181640648,132.1956360742983
4752,2014,7,18,0,30,0,0,0,2.1396689414978027,19.998071289062523,135.7861913400488
4753,2014,7,18,1,30,0,0,0,2.395784854888916,19.904687500000023,134.70256475636444
4754,2014,7,18,2,30,0,0,0,2.5836374759674072,19.716912841796894,129.24374923414834
4755,2014,7,18,3,30,0,0,0,2.703634262084961,19.474176025390648,120.60709750494058
4756,2014,7,18,4,30,0,0,0,2.824698209762573,19.157525634765648,109.96341598101914
4757,2014,7,18,5,30,0,0,0,2.8819968700408936,19.117181396484398,98.09793174161587
4758,2014,7,18,6,30,41,23,231,2.6864304542541504,19.992120361328148,85.47597951810278
4759,2014,7,18,7,30,245,66,591,2.3006067276000977,21.905969238281273,72.37669086116972
4760,2014,7,18,8,30,474,86,750,1.7604110240936282,24.336572265625023,58.963753529855445
4761,2014,7,18,9,30,685,100,832,0.951003909111023,26.471734619140648,45.34602072949274
4762,2014,7,18,10,30,857,109,877,0.8573242425918579,27.375787353515648,31.60068944235925
4763,2014,7,18,11,30,973,115,901,1.635735034942627,27.130975341796894,17.802240692120932
4764,2014,7,18,12,30,909,400,510,2.3077611923217773,26.282525634765648,4.315953523686389
4765,2014,7,18,13,30,894,381,521,2.6537861824035645,25.113305664062523,10.332807263316028
4766,2014,7,18,14,30,804,323,527,2.651198387145996,24.252435302734398,24.09426321893493
4767,2014,7,18,15,30,273,258,19,2.420339345932007,23.620263671875023,37.88312335719301
4768,2014,7,18,16,30,403,279,199,2.1269524097442627,22.879663085937523,51.5839407582885
4769,2014,7,18,17,30,200,171,66,1.9396893978118896,22.090539550781273,65.126468536875
4770,2014,7,18,18,30,94,76,88,1.9684796333312988,21.198358154296894,78.42267798597463
4771,2014,7,18,19,30,0,0,0,2.066373586654663,20.480859375000023,91.34393598880246
4772,2014,7,18,20,30,0,0,0,2.0765950679779053,20.068872070312523,103.68090192252548
4773,2014,7,18,21,30,0,0,0,1.986621141433716,19.724664306640648,115.08650646554192
4774,2014,7,18,22,30,0,0,0,1.8349602222442627,19.374475097656273,124.9663241434587
4775,2014,7,18,23,30,0,0,0,1.62614107131958,18.988000488281273,132.351637492863
4776,2014,7,19,0,30,0,0,0,1.300887942314148,18.547204589843773,135.96225657533563
4777,2014,7,19,1,30,0,0,0,0.8098068237304688,18.064843750000023,134.87980015237108
4778,2014,7,19,2,30,0,0,0,0.29338377714157104,17.643304443359398,129.40508520138005
4779,2014,7,19,3,30,0,0,0,0.31176361441612244,17.324151611328148,120.74630253188879
4780,2014,7,19,4,30,0,0,0,0.7802608609199524,17.057550048828148,110.08144136264877
4781,2014,7,19,5,30,0,0,0,1.148298263549805,17.419488525390648,98.19785744938723
4782,2014,7,19,6,30,24,22,32,1.2275900840759275,18.889489746093773,85.56084433213758
4783,2014,7,19,7,30,150,119,103,0.9116783142089844,21.125695800781273,72.44908896788485
4784,2014,7,19,8,30,378,203,340,0.7138004302978516,23.304406738281273,59.025775415634776
4785,2014,7,19,9,30,685,100,832,0.8401191234588623,24.616174316406273,45.39964244708115
4786,2014,7,19,10,30,857,109,878,0.9254493713378906,25.165582275390648,31.64848743969366
4787,2014,7,19,11,30,975,115,903,0.9313085675239564,25.269769287109398,17.850503586824445
4788,2014,7,19,12,30,1029,118,913,0.9516019821166992,25.139886474609398,4.421210262148406
4789,2014,7,19,13,30,1013,117,910,1.046391487121582,24.94954833984377,10.362136208160651
4790,2014,7,19,14,30,929,113,893,1.2311339378356934,24.602899169921894,24.110736258515463
4791,2014,7,19,15,30,785,106,859,1.4788018465042114,24.085626220703148,37.90315938924855
4792,2014,7,19,16,30,592,95,800,1.7508776187896729,23.333703613281273,51.61154327158163
4793,2014,7,19,17,30,370,78,695,2.010051250457764,22.312158203125023,65.16401707605212
4794,2014,7,19,18,30,148,48,497,2.2265379428863525,21.249688720703148,78.47246116123617
4795,2014,7,19,19,30,0,0,0,2.357370376586914,20.466729736328148,91.40870044978665
4796,2014,7,19,20,30,0,0,0,2.385481834411621,20.173333740234398,103.7641605046305
4797,2014,7,19,21,30,0,0,0,2.356635570526123,20.245812988281273,115.1926400979978
4798,2014,7,19,22,30,0,0,0,2.2905640602111816,20.307458496093773,125.09980536164801
4799,2014,7,19,23,30,0,0,0,2.1334471702575684,20.195031738281273,132.5137160806341
4800,2014,7,20,0,30,0,0,0,1.9084925651550293,20.005059814453148,136.14432766642412
4801,2014,7,20,1,30,0,0,0,1.712724685668945,19.752709960937523,135.06217613928393
4802,2014,7,20,2,30,0,0,0,1.6997908353805542,19.301843261718773,129.5702273678804
4803,2014,7,20,3,30,0,0,0,1.9294297695159912,18.792169189453148,120.88806018967286
4804,2014,7,20,4,30,0,0,0,2.178809404373169,18.472955322265648,110.20105130531219
4805,2014,7,20,5,30,0,0,0,2.314401865005493,18.539819335937523,98.29866282723768
4806,2014,7,20,6,30,40,23,235,2.278254508972168,19.338159179687523,85.64608179453434
4807,2014,7,20,7,30,250,67,610,2.067434787750244,20.817895507812523,72.5215050857216
4808,2014,7,20,8,30,486,88,775,1.8407835960388184,22.844995117187523,59.087590289669656
4809,2014,7,20,9,30,704,102,859,1.6488860845565796,25.08870849609377,45.452978130955294
4810,2014,7,20,10,30,881,111,905,1.5173590183258057,26.988488769531273,31.696163295250653
4811,2014,7,20,11,30,1001,117,929,1.5235564708709717,28.328546142578148,17.89949458240953
4812,2014,7,20,12,30,1054,119,937,1.6409310102462769,28.998498535156273,4.53275344865409
4813,2014,7,20,13,30,1037,118,933,1.877197265625,28.979028320312523,10.398148468953336
4814,2014,7,20,14,30,951,115,916,2.203776836395264,28.283074951171894,24.13165069607891
4815,2014,7,20,15,30,803,107,881,2.4934420585632324,27.168878173828148,37.92716586672643
4816,2014,7,20,16,30,606,96,822,2.616144180297852,25.826593017578148,51.64303158405854
4817,2014,7,20,17,30,380,79,717,2.535042524337769,24.095208740234398,65.20552652039204
4818,2014,7,20,18,30,153,49,523,2.3684356212615967,22.162225341796894,78.52637849525777
4819,2014,7,20,19,30,0,0,0,2.127795696258545,20.686761474609398,91.4778550999004
4820,2014,7,20,20,30,0,0,0,1.8452372550964355,19.724389648437523,103.85214848416302
4821,2014,7,20,21,30,0,0,0,1.6457769870758057,19.438684082031273,115.30392876027685
4822,2014,7,20,22,30,0,0,0,1.5473669767379759,19.570245361328148,125.23892573808287
4823,2014,7,20,23,30,0,0,0,1.5240081548690796,19.301019287109398,132.68182623001803
4824,2014,7,21,0,30,0,0,0,1.5164129734039309,18.847314453125023,136.3323458175085
4825,2014,7,21,1,30,0,0,0,1.5194456577301023,18.404962158203148,135.24961265394202
4826,2014,7,21,2,30,0,0,0,1.5628786087036133,17.935388183593773,129.73907889141884
4827,2014,7,21,3,30,0,0,0,1.6320248842239382,17.437493896484398,121.03227171239857
4828,2014,7,21,4,30,0,0,0,1.7076776027679443,16.907769775390648,110.32215577152586
4829,2014,7,21,5,30,0,0,0,1.7819808721542358,16.573693847656273,98.40027133510536
4830,2014,7,21,6,30,40,22,235,1.7607297897338867,17.587487792968773,85.73163085567349
4831,2014,7,21,7,30,250,67,611,1.4972280263900757,20.364282226562523,72.59389509902775
4832,2014,7,21,8,30,485,88,774,1.25510573387146,23.551629638671894,59.14917334439835
4833,2014,7,21,9,30,702,101,856,1.3061662912368774,25.985314941406273,45.5060273336044
4834,2014,7,21,10,30,878,111,901,1.47434663772583,27.535791015625023,31.74375317879712
4835,2014,7,21,11,30,997,116,926,1.6659725904464722,28.450921630859398,17.949324555818233
4836,2014,7,21,12,30,1051,119,935,1.9213764667510984,28.847467041015648,4.650741946576915
4837,2014,7,21,13,30,1035,118,931,2.208669185638428,28.793908691406273,10.441097708292489
4838,2014,7,21,14,30,949,114,914,2.4112648963928223,28.34017333984377,24.157147322726306
4839,2014,7,21,15,30,802,107,880,2.474160671234131,27.515679931640648,37.955234386738994
4840,2014,7,21,16,30,605,96,821,2.454108715057373,26.298455810546894,51.67846835713449
4841,2014,7,21,17,30,379,79,715,2.3606653213500977,24.615594482421894,65.25103819346336
4842,2014,7,21,18,30,152,48,520,2.25381851196289,22.575585937500023,78.58445323083153
4843,2014,7,21,19,30,0,0,0,2.10241436958313,20.977563476562523,91.55140652335707
4844,2014,7,21,20,30,0,0,0,1.9480341672897337,19.966088867187523,103.94485644233872
4845,2014,7,21,21,30,0,0,0,1.8764142990112305,19.096917724609398,115.42034788577364
4846,2014,7,21,22,30,0,0,0,1.8083654642105105,18.867181396484398,125.3836476580667
4847,2014,7,21,23,30,0,0,0,1.7141189575195312,19.086297607421894,132.85592013573546
4848,2014,7,22,0,30,0,0,0,1.6234266757965088,19.010339355468773,136.5262504744197
4849,2014,7,22,1,30,0,0,0,1.507251501083374,18.792260742187523,135.44202794332747
4850,2014,7,22,2,30,0,0,0,1.3033912181854248,18.610284423828148,129.9115415784757
4851,2014,7,22,3,30,0,0,0,1.0998806953430176,18.388024902343773,121.17883779964001
4852,2014,7,22,4,30,0,0,0,0.981519877910614,18.093957519531273,110.4446650756383
4853,2014,7,22,5,30,0,0,0,0.9744589328765868,17.930230712890648,98.50260753196116
4854,2014,7,22,6,30,38,22,227,1.0036153793334959,18.525811767578148,85.8174321613542
4855,2014,7,22,7,30,247,66,606,0.9407777786254884,20.367089843750023,72.6662170824723
4856,2014,7,22,8,30,482,87,770,0.9240750074386596,22.797540283203148,59.21050240639626
4857,2014,7,22,9,30,699,101,853,1.0201884508132937,24.966180419921894,45.5587926958631
4858,2014,7,22,10,30,875,111,899,1.1252059936523438,26.604180908203148,31.79129689051864
4859,2014,7,22,11,30,994,116,923,1.325289011001587,27.542840576171894,18.000108425379523
4860,2014,7,22,12,30,1047,119,931,1.661602258682251,27.768945312500023,4.775307029729831
4861,2014,7,22,13,30,1029,118,926,1.99687933921814,27.436486816406273,10.491222924428511
4862,2014,7,22,14,30,943,114,908,2.2231807708740234,26.874230957031273,24.187363458118142
4863,2014,7,22,15,30,796,107,874,2.345122814178467,26.06990966796877,37.987453702085716
4864,2014,7,22,16,30,601,96,815,2.375980854034424,24.834832763671894,51.71791340771491
4865,2014,7,22,17,30,376,79,711,2.3033761978149414,23.224725341796894,65.30059049224411
4866,2014,7,22,18,30,150,48,516,2.2177181243896484,21.404107666015648,78.64670560310924
4867,2014,7,22,19,30,0,0,0,2.11343002319336,19.975518798828148,91.62935824464455
4868,2014,7,22,20,30,0,0,0,2.009318828582764,19.043298339843773,104.0422719010295
4869,2014,7,22,21,30,0,0,0,1.993389368057251,18.275109863281273,115.54186994752249
4870,2014,7,22,22,30,0,0,0,1.96959125995636,18.235498046875023,125.5339308255267
4871,2014,7,22,23,30,0,0,0,1.8849451541900637,18.616448974609398,133.0359478212529
4872,2014,7,23,0,30,0,0,0,1.7618770599365234,18.504357910156273,136.72597935992505
4873,2014,7,23,1,30,0,0,0,1.6205712556838991,18.195397949218773,135.63933859960008
4874,2014,7,23,2,30,0,0,0,1.4548115730285645,17.965783691406273,130.0875159377313
4875,2014,7,23,3,30,0,0,0,1.2895052433013916,17.687921142578148,121.32765869280962
4876,2014,7,23,4,30,0,0,0,1.1635630130767822,17.322625732421898,110.56848996554687
4877,2014,7,23,5,30,0,0,0,1.048975944519043,17.303308105468773,98.60559714784522
4878,2014,7,23,6,30,37,21,223,0.8974267244338989,18.214196777343773,85.90342810678438
4879,2014,7,23,7,30,246,66,606,0.7071361541748047,20.194055175781273,72.73843133248094
4880,2014,7,23,8,30,481,87,770,0.7664541006088257,22.491143798828148,59.27155794064146
4881,2014,7,23,9,30,698,101,853,1.0647470951080322,24.198968505859398,45.61127991569282
4882,2014,7,23,10,30,874,111,898,1.3670508861541748,25.148126220703148,31.838837770738092
4883,2014,7,23,11,30,994,116,922,1.7137562036514282,25.418878173828148,18.05196486269395
4884,2014,7,23,12,30,1047,119,931,2.0463404655456543,25.201196289062523,4.906553147422372
4885,2014,7,23,13,30,1030,118,927,2.311851978302002,24.593072509765648,10.54874672201477
4886,2014,7,23,14,30,598,449,163,2.488955020904541,23.946923828125023,24.22243250595922
4887,2014,7,23,15,30,796,107,874,2.5777697563171387,23.517999267578148,38.02390950821329
4888,2014,7,23,16,30,601,96,815,2.62888240814209,22.875878906250023,51.76142358195567
4889,2014,7,23,17,30,375,79,710,2.62602972984314,21.745629882812523,65.35421880861166
4890,2014,7,23,18,30,137,57,412,2.6920912265777592,20.224023437500023,78.71315279282092
4891,2014,7,23,19,30,0,0,0,2.771915435791016,18.934411621093773,91.71171070520441
4892,2014,7,23,20,30,0,0,0,2.657886505126953,18.063592529296894,104.14437931700778
4893,2014,7,23,21,30,0,0,0,2.39255428314209,17.299768066406273,115.6684644648534
4894,2014,7,23,22,30,0,0,0,2.047735929489136,17.252954101562526,125.68973227886208
4895,2014,7,23,23,30,0,0,0,1.729464054107666,17.579064941406273,133.22185716574387
4896,2014,7,24,0,30,0,0,0,1.412440061569214,17.315789794921898,136.93146850949074
4897,2014,7,24,1,30,0,0,0,1.0766602754592896,16.874414062500026,135.84145959526234
4898,2014,7,24,2,30,0,0,0,0.8272419571876526,16.474847412109398,130.26690123428213
4899,2014,7,24,3,30,0,0,0,0.7433056235313416,15.89434204101565,121.47863425205702
4900,2014,7,24,4,30,0,0,0,0.8054933547973633,15.321008300781275,110.69354170389327
4901,2014,7,24,5,30,0,0,0,0.9258359670639038,15.396752929687526,98.70916715428619
4902,2014,7,24,6,30,37,21,221,0.9180749654769896,16.599237060546898,85.98956288824982
4903,2014,7,24,7,30,245,66,606,0.6231014728546143,18.914971923828148,72.81050039579462
4904,2014,7,24,8,30,480,87,770,0.705470085144043,21.547204589843773,59.33232305150878
4905,2014,7,24,9,30,697,101,852,1.1816787719726562,23.543237304687523,45.6634977134124
4906,2014,7,24,10,30,872,110,897,1.4409739971160889,24.884301757812523,31.886422604785594
4907,2014,7,24,11,30,992,116,921,1.550647497177124,25.691217041015648,18.105015991701862
4908,2014,7,24,12,30,1045,119,930,1.614194631576538,26.046533203125023,5.0445457610235
4909,2014,7,24,13,30,1029,118,926,1.7648707628250122,25.939416503906273,10.613873740047154
4910,2014,7,24,14,30,943,114,908,2.022442579269409,25.243463134765648,24.262483516001073
4911,2014,7,24,15,30,795,107,873,2.332991361618042,24.125878906250023,38.06468423482689
4912,2014,7,24,16,30,598,96,813,2.6251912117004395,22.864953613281273,51.80905263350831
4913,2014,7,24,17,30,372,78,706,2.735228538513184,21.408685302734398,65.41195545486555
4914,2014,7,24,18,30,146,48,507,2.700493574142456,19.743890380859398,78.78380888331193
4915,2014,7,24,19,30,0,0,0,2.6086459159851074,18.443719482421894,91.79846124329178
4916,2014,7,24,20,30,0,0,0,2.4378466606140137,17.668206787109398,104.251160078628
4917,2014,7,24,21,30,0,0,0,2.2751364707946777,17.568048095703148,115.8000980117222
4918,2014,7,24,22,30,0,0,0,2.13547945022583,17.891442871093773,125.8510064076285
4919,2014,7,24,23,30,0,0,0,1.9450523853302,17.697961425781273,133.41359393155727
4920,2014,7,25,0,30,0,0,0,1.6947484016418457,17.355371093750026,137.1426523074421
4921,2014,7,25,1,30,0,0,0,1.4749581813812256,17.308679199218773,136.04830431833471
4922,2014,7,25,2,30,0,0,0,1.3175711631774902,17.170281982421898,130.44959554437656
4923,2014,7,25,3,30,0,0,0,1.2686288356781006,16.719445800781273,121.63166403365386
4924,2014,7,25,4,30,0,0,0,1.386762619018555,16.159692382812526,110.81973214878604
4925,2014,7,25,5,30,0,0,0,1.5494225025177002,16.196893310546898,98.81324583310172
4926,2014,7,25,6,30,35,21,211,1.502439022064209,17.330773925781273,86.07578255218988
4927,2014,7,25,7,30,242,66,597,1.1731332540512085,19.381402587890648,72.88238909488477
4928,2014,7,25,8,30,475,87,762,0.9217599630355836,21.815606689453148,59.392783480319366
4929,2014,7,25,9,30,691,101,845,1.0319895744323728,23.909783935546894,45.71545779321124
4930,2014,7,25,10,30,866,110,890,1.3144078254699707,25.435327148437523,31.93410152307878
4931,2014,7,25,11,30,984,116,914,1.6031010150909424,26.474053955078148,18.15938707503165
4932,2014,7,25,12,30,1037,118,922,1.9559388160705569,26.771539306640648,5.189365574776887
4933,2014,7,25,13,30,1020,117,918,2.358426094055176,26.27474365234377,10.686789267367699
4934,2014,7,25,14,30,935,114,900,2.730705738067627,25.35018310546877,24.307640755650876
4935,2014,7,25,15,30,788,106,866,2.9720668792724614,24.267205810546894,38.10985684317696
4936,2014,7,25,16,30,593,95,805,3.0245981216430664,23.086541748046894,51.86085110655029
4937,2014,7,25,17,30,368,78,699,2.9124398231506348,21.694757080078148,65.47382959349261
4938,2014,7,25,18,30,144,47,499,2.8312482833862305,20.032983398437523,78.85868482102937
4939,2014,7,25,19,30,0,0,0,2.8231759071350098,18.711267089843773,91.88960407688816
4940,2014,7,25,20,30,0,0,0,2.7369065284729004,18.352349853515648,104.36259250489756
4941,2014,7,25,21,30,0,0,0,2.6460509300231934,18.486108398437523,115.93673422655012
4942,2014,7,25,22,30,0,0,0,2.424631357192993,18.289575195312523,126.01770496993923
4943,2014,7,25,23,30,0,0,0,2.10184907913208,18.038018798828148,133.6111017920343
4944,2014,7,26,0,30,0,0,0,1.890709638595581,18.021569824218773,137.35946352346136
4945,2014,7,26,1,30,0,0,0,1.6982282400131226,17.895104980468773,136.25978460763122
4946,2014,7,26,2,30,0,0,0,1.4263017177581787,17.733880615234398,130.63549581090558
4947,2014,7,26,3,30,0,0,0,1.119470715522766,17.616937255859398,121.78664736788001
4948,2014,7,26,4,30,0,0,0,0.8690316081047058,17.375543212890648,110.9469738338197
4949,2014,7,26,5,30,0,0,0,0.8122977018356323,17.243310546875026,98.91776284349085
4950,2014,7,26,6,30,34,20,206,0.9254573583602904,17.897424316406273,86.16203504204826
4951,2014,7,26,7,30,240,66,596,0.9547935724258424,19.661981201171894,72.95406455064432
4952,2014,7,26,8,30,475,87,764,0.828974187374115,21.909936523437523,59.45292759978588
4953,2014,7,26,9,30,692,101,847,0.7891608476638794,23.982293701171894,45.76717480108758
4954,2014,7,26,10,30,869,110,894,0.9874589443206788,25.693566894531273,31.98192789635828
4955,2014,7,26,11,30,989,116,918,1.3534913063049316,26.773553466796894,18.215206187724064
4956,2014,7,26,12,30,1043,118,928,1.8230295181274412,27.084191894531273,5.341031538453778
4957,2014,7,26,13,30,1026,118,924,2.2805955410003658,26.645776367187523,10.767658071513765
4958,2014,7,26,14,30,940,114,906,2.643665075302124,25.624963378906273,24.35802329338027
4959,2014,7,26,15,30,721,243,608,2.8755135536193848,24.489160156250023,38.15950262953072
4960,2014,7,26,16,30,597,96,813,2.9723339080810547,23.403466796875023,51.91686622384378
4961,2014,7,26,17,30,371,78,706,2.9480314254760738,21.970117187500023,65.53986717131448
4962,2014,7,26,18,30,145,47,508,2.9238972663879395,20.172784423828148,78.93778837981306
4963,2014,7,26,19,30,0,0,0,2.8839173316955566,18.923516845703148,91.98513028959749
4964,2014,7,26,20,30,0,0,0,2.726135730743408,18.744470214843773,104.47865184677902
4965,2014,7,26,21,30,0,0,0,2.5883421897888184,18.897058105468773,116.07833382360216
4966,2014,7,26,22,30,0,0,0,2.433272361755371,18.712518310546894,126.18977711062773
4967,2014,7,26,23,30,0,0,0,2.1862530708312993,18.415582275390648,133.81432235966844
4968,2014,7,27,0,30,0,0,0,1.9162925481796265,18.235620117187523,137.58183334937354
4969,2014,7,27,1,30,0,0,0,1.7003093957901,18.085992431640648,136.4758107879901
4970,2014,7,27,2,30,0,0,0,1.54757559299469,17.863732910156273,130.8244978995425
4971,2014,7,27,3,30,0,0,0,1.5138473510742188,17.673547363281273,121.94348343748665
4972,2014,7,27,4,30,0,0,0,1.572920560836792,17.558801269531273,111.0751800476155
4973,2014,7,27,5,30,0,0,0,1.5977613925933838,17.418664550781273,99.02264928741363
4974,2014,7,27,6,30,33,20,204,1.6313555240631104,17.897760009765648,86.2482702423884
4975,2014,7,27,7,30,240,65,597,1.5117385387420654,19.429895019531273,73.025496201868
4976,2014,7,27,8,30,475,87,764,1.0986859798431396,21.824456787109398,59.51274640518546
4977,2014,7,27,9,30,692,101,848,0.8542114496231079,24.186547851562523,45.81866627933378
4978,2014,7,27,10,30,868,110,894,1.1368365287780762,25.618829345703148,32.029958226142924
4979,2014,7,27,11,30,580,466,119,1.6388044357299805,25.936578369140648,18.272603878623787
4980,2014,7,27,12,30,1043,118,928,2.0874772071838383,25.386590576171894,5.4995547161026375
4981,2014,7,27,13,30,1026,118,925,2.39029312133789,24.674737548828148,10.856623461705539
4982,2014,7,27,14,30,941,114,908,2.5574662685394287,24.042718505859398,24.413744597204822
4983,2014,7,27,15,30,794,107,874,2.628757953643799,23.477166748046894,38.2136930357846
4984,2014,7,27,16,30,598,96,815,2.591513633728028,22.722283935546894,51.97714178014068
4985,2014,7,27,17,30,371,78,708,2.498948097229004,21.484155273437523,65.61009085795705
4986,2014,7,27,18,30,144,47,509,2.4329395294189453,19.892449951171894,79.02112412887253
4987,2014,7,27,19,30,0,0,0,2.3859901428222656,18.575250244140648,92.08502781963006
4988,2014,7,27,20,30,0,0,0,2.246694803237915,17.950555419921898,104.59931029090096
4989,2014,7,27,21,30,0,0,0,2.0845472812652592,18.059014892578148,116.22485460578449
4990,2014,7,27,22,30,0,0,0,2.022967576980591,18.428277587890648,126.36716937993586
4991,2014,7,27,23,30,0,0,0,1.9590706825256348,18.452630615234398,134.0231952144935
4992,2014,7,28,0,30,0,0,0,1.8075082302093504,18.321771240234398,137.80969143616517
4993,2014,7,28,1,30,0,0,0,1.5993268489837646,18.149468994140648,136.69629170547242
4994,2014,7,28,2,30,0,0,0,1.44875168800354,17.738549804687523,131.01649665555763
4995,2014,7,28,3,30,0,0,0,1.49043607711792,17.383691406250026,122.10207135652004
4996,2014,7,28,4,30,0,0,0,1.5517745018005369,17.168450927734398,111.20426491256859
4997,2014,7,28,5,30,0,0,0,1.5512464046478271,16.971765136718773,99.12783777317536
4998,2014,7,28,6,30,32,19,202,1.5158658027648926,17.489068603515648,86.33444002074678
4999,2014,7,28,7,30,241,66,601,1.2232072353363037,19.103692626953148,73.09665582199875
5000,2014,7,28,8,30,477,87,770,0.5980339050292969,21.399133300781273,59.57223350227275
5001,2014,7,28,9,30,696,101,854,0.4910380244255066,23.521600341796894,45.86995261728684
5002,2014,7,28,10,30,873,111,900,1.0234777927398682,24.845239257812523,32.07825203022832
5003,2014,7,28,11,30,994,116,924,1.497694730758667,25.326135253906273,18.331712819815774
5004,2014,7,28,12,30,1047,119,932,1.8990929126739504,24.917199707031273,5.664927233909068
5005,2014,7,28,13,30,1030,118,928,2.2070786952972408,23.92513427734377,10.953806600445533
5006,2014,7,28,14,30,944,114,911,2.3997561931610107,23.114190673828148,24.474912150459676
5007,2014,7,28,15,30,797,107,878,2.546550273895264,22.556756591796894,38.272495467881505
5008,2014,7,28,16,30,600,96,819,2.6766343116760254,21.887445068359398,52.04171804137261
5009,2014,7,28,17,30,372,78,712,2.697530031204224,20.775445556640648,65.68451998910098
5010,2014,7,28,18,30,143,47,512,2.616041660308838,19.273248291015648,79.10869340459324
5011,2014,7,28,19,30,0,0,0,2.4486122131347656,18.101770019531273,92.18928145177931
5012,2014,7,28,20,30,0,0,0,2.141794204711914,17.315118408203148,104.7245369653858
5013,2014,7,28,21,30,0,0,0,1.7656681537628174,17.021997070312526,116.37625147886264
5014,2014,7,28,22,30,0,0,0,1.4271702766418457,17.191827392578148,126.54982575285412
5015,2014,7,28,23,30,0,0,0,1.1853752136230469,17.134210205078148,134.2376579326735
5016,2014,7,29,0,30,0,0,0,1.0475388765335083,16.848046875000026,138.0429659311959
5017,2014,7,29,1,30,0,0,0,1.019904851913452,16.570642089843773,136.92113476250506
5018,2014,7,29,2,30,0,0,0,1.0672539472579956,16.321069335937526,131.21138596135427
5019,2014,7,29,3,30,0,0,0,1.1484755277633667,16.026391601562526,122.2623102495966
5020,2014,7,29,4,30,0,0,0,1.2624428272247314,15.68059692382815,111.33414346280668
5021,2014,7,29,5,30,0,0,0,1.3785966634750366,15.489282226562526,99.233262477081
5022,2014,7,29,6,30,32,19,199,1.3995964527130127,16.096582031250026,86.4204982667251
5023,2014,7,29,7,30,241,66,603,1.0994014739990234,18.389276123046894,73.16751753276594
5024,2014,7,29,8,30,478,87,773,0.7670953273773193,21.429925537109398,59.6313850920705
5025,2014,7,29,9,30,697,101,856,0.7722487449645996,23.770684814453148,45.92105699877885
5026,2014,7,29,10,30,875,111,902,0.9266954660415648,25.346002197265648,32.12687172332841
5027,2014,7,29,11,30,995,116,925,1.1547751426696775,26.310418701171894,18.392667444510177
5028,2014,7,29,12,30,1048,119,933,1.4913058280944824,26.794183349609398,5.837124181517396
5029,2014,7,29,13,30,1030,118,928,1.872640371322632,26.828790283203148,11.059306071880028
5030,2014,7,29,14,30,942,114,910,2.264887809753418,26.441278076171894,24.541627087655712
5031,2014,7,29,15,30,793,107,874,2.644627809524536,25.607476806640648,38.33597312268303
5032,2014,7,29,16,30,595,96,813,2.9360952377319336,24.276818847656273,52.110631649655225
5033,2014,7,29,17,30,367,78,704,3.0282742977142334,22.454675292968773,65.76317051430817
5034,2014,7,29,18,30,140,46,502,3.000319242477417,20.364068603515648,79.20049428612901
5035,2014,7,29,19,30,0,0,0,2.899247407913208,18.779412841796894,92.29787281249816
5036,2014,7,29,20,30,0,0,0,2.638755321502685,17.825616455078148,104.85429794804425
5037,2014,7,29,21,30,0,0,0,2.373534679412842,17.654809570312523,116.53247646702522
5038,2014,7,29,22,30,0,0,0,2.1707077026367188,18.083551025390648,126.73768764882513
5039,2014,7,29,23,30,0,0,0,2.014228343963623,17.996636962890648,134.45764611514647
5040,2014,7,30,0,30,0,0,0,1.824884414672852,17.633996582031273,138.28158351554328
5041,2014,7,30,1,30,0,0,0,1.5835362672805786,17.412377929687526,137.1502459528947
5042,2014,7,30,2,30,0,0,0,1.428121566772461,17.053063964843773,131.40905879468602
5043,2014,7,30,3,30,0,0,0,1.37691068649292,16.602685546875026,122.42409933162016
5044,2014,7,30,4,30,0,0,0,1.4273390769958496,16.248193359375026,111.46473172135549
5045,2014,7,30,5,30,0,0,0,1.5629818439483645,16.412530517578148,99.33885920322143
5046,2014,7,30,6,30,30,19,190,1.6223008632659912,17.508325195312526,86.50640092855271
5047,2014,7,30,7,30,237,65,594,1.4961913824081419,19.357568359375023,73.23805781488534
5048,2014,7,30,8,30,473,87,764,1.3695056438446045,21.692651367187523,59.69019995243285
5049,2014,7,30,9,30,691,101,849,1.3507256507873535,24.057550048828148,45.972005345930484
5050,2014,7,30,10,30,869,110,896,1.3610920906066897,26.017236328125023,32.175882492831064
5051,2014,7,30,11,30,990,116,921,1.4043056964874268,27.379418945312523,18.45560357428109
5052,2014,7,30,12,30,1045,119,931,1.559916377067566,28.06649169921877,6.016105486691629
5053,2014,7,30,13,30,1028,118,927,1.845080137252808,28.031030273437523,11.173197707879753
5054,2014,7,30,14,30,942,114,910,2.1659369468688965,27.331994628906273,24.61398385296181
5055,2014,7,30,15,30,794,107,876,2.5295119285583496,26.349816894531273,38.404184824213864
5056,2014,7,30,16,30,596,96,816,2.9373197555541988,25.152795410156273,52.183915534596146
5057,2014,7,30,17,30,368,78,708,3.1208324432373047,23.47127685546877,65.84605494961264
5058,2014,7,30,18,30,140,46,509,3.08203387260437,21.395959472656273,79.29652157473197
5059,2014,7,30,19,30,0,0,0,2.9465210437774663,19.676202392578148,92.41078036784592
5060,2014,7,30,20,30,0,0,0,2.726315975189209,18.628320312500023,104.98855627663498
5061,2014,7,30,21,30,0,0,0,2.565464973449707,18.449304199218773,116.69347872975979
5062,2014,7,30,22,30,0,0,0,2.4136033058166504,18.783135986328148,126.93069395198359
5063,2014,7,30,23,30,0,0,0,2.1865801811218257,18.665704345703148,134.68309341634986
5064,2014,7,31,0,30,0,0,0,1.9187424182891848,18.318902587890648,138.52546944143407
5065,2014,7,31,1,30,0,0,0,1.6888670921325684,18.026757812500023,137.38352989680948
5066,2014,7,31,2,30,0,0,0,1.595181584358215,17.652764892578148,131.60940728774594
5067,2014,7,31,3,30,0,0,0,1.6643805503845217,17.267724609375026,122.58733798786236
5068,2014,7,31,4,30,0,0,0,1.8301398754119875,16.932855224609398,111.59594677633748
5069,2014,7,31,5,30,0,0,0,2.005338191986084,16.768090820312526,99.4445654411645
5070,2014,7,31,6,30,30,18,192,2.1372356414794917,17.630456542968773,86.59210604706045
5071,2014,7,31,7,30,240,66,606,2.085335493087769,19.823388671875023,73.30825551579369
5072,2014,7,31,8,30,480,87,778,1.7858660221099854,22.543511962890648,59.74867941648018
5073,2014,7,31,9,30,701,102,863,1.3754816055297852,25.202905273437523,46.022826259529026
5074,2014,7,31,10,30,880,111,909,0.9789857864379884,27.331994628906273,32.22535216958588
5075,2014,7,31,11,30,1002,117,933,0.8739053606987,28.627008056640648,18.520658036269808
5076,2014,7,31,12,30,1055,119,941,1.253520131111145,29.150628662109398,6.201817723162705
5077,2014,7,31,13,30,1037,118,936,1.8725368976593015,29.042260742187523,11.295534666320393
5078,2014,7,31,14,30,947,114,916,2.463125705718994,28.245233154296894,24.692069883290078
5079,2014,7,31,15,30,797,107,880,2.925066471099853,26.72689208984377,38.47718486955875
5080,2014,7,31,16,30,551,159,640,3.1855597496032715,24.857934570312523,52.261598830989406
5081,2014,7,31,17,30,366,80,703,3.140213966369629,22.919335937500023,65.93318233514282
5082,2014,7,31,18,30,123,57,361,2.9513823986053467,20.979119873046894,79.39676677705404
5083,2014,7,31,19,30,0,0,0,2.754826068878174,19.621881103515648,92.5279794244825
5084,2014,7,31,20,30,0,0,0,2.469534158706665,19.142480468750023,105.12727196123218
5085,2014,7,31,21,30,0,0,0,2.1909403800964355,19.159570312500023,116.85920457988449
5086,2014,7,31,22,30,0,0,0,2.018854141235352,19.224877929687523,127.12878103160796
5087,2014,7,31,23,30,0,0,0,1.769127607345581,19.013146972656273,134.91393157285714
5088,2014,8,1,0,30,0,0,0,1.4906187057495115,18.831140136718773,138.7745475697124
5089,2014,8,1,1,30,0,0,0,1.3680144548416138,18.773065185546894,137.62088987550334
5090,2014,8,1,2,30,0,0,0,1.3491142988204956,18.415216064453148,131.81232278686673
5091,2014,8,1,3,30,0,0,0,1.4704018831253052,17.870446777343773,122.75192585438107
5092,2014,8,1,4,30,0,0,0,1.7043659687042236,17.453790283203148,111.72770685627964
5093,2014,8,1,5,30,0,0,0,1.9335870742797847,17.550927734375026,99.5503204217866
5094,2014,8,1,6,30,29,18,185,2.0030617713928223,18.653863525390648,86.67757378690551
5095,2014,8,1,7,30,237,65,599,1.8743124008178709,20.560449218750023,73.37809185438927
5096,2014,8,1,8,30,475,87,772,1.5967406034469604,22.910424804687523,59.806827347874496
5097,2014,8,1,9,30,696,101,856,1.2800192832946775,25.361566162109398,46.0735509559241
5098,2014,8,1,10,30,874,111,902,1.0469369888305664,27.440972900390648,32.27535109384932
5099,2014,8,1,11,30,994,116,925,1.045391321182251,28.764794921875023,18.58796827151465
5100,2014,8,1,12,30,1046,119,933,1.393397569656372,29.130548095703148,6.3941958217822625
5101,2014,8,1,13,30,1027,118,927,1.9177505970001218,28.488580322265648,11.426347749795568
5102,2014,8,1,14,30,938,114,907,2.405564785003662,27.189874267578148,24.77596531841137
5103,2014,8,1,15,30,786,107,869,2.7507555484771733,25.626000976562523,38.5550228853439
5104,2014,8,1,16,30,587,95,805,2.8488566875457764,23.967340087890648,52.34370680310403
5105,2014,8,1,17,30,359,77,692,2.656014919281006,22.460778808593773,66.02455819741547
5106,2014,8,1,18,30,133,45,486,2.415301561355591,21.138146972656273,79.5012180920092
5107,2014,8,1,19,30,0,0,0,2.2975313663482666,20.213555908203148,92.64944213348005
5108,2014,8,1,20,30,0,0,0,2.2488608360290527,19.809686279296894,105.27040199874264
5109,2014,8,1,21,30,0,0,0,2.2589948177337646,19.840203857421894,117.0295975028438
5110,2014,8,1,22,30,0,0,0,2.3187055587768555,19.799493408203148,127.33188276291763
5111,2014,8,1,23,30,0,0,0,2.2637124061584477,19.270806884765648,135.15009043187203
5112,2014,8,2,0,30,0,0,0,2.010565280914306,18.709252929687523,139.02874040731712
5113,2014,8,2,1,30,0,0,0,1.7195398807525637,18.553369140625023,137.86222786602502
5114,2014,8,2,2,30,0,0,0,1.370762586593628,18.539544677734398,132.0176959132105
5115,2014,8,2,3,30,0,0,0,1.0289732217788696,18.401635742187523,122.91776289877977
5116,2014,8,2,4,30,0,0,0,0.9187138080596924,18.137811279296894,111.85993140430898
5117,2014,8,2,5,30,0,0,0,1.067098617553711,17.916284179687523,99.65606517079952
5118,2014,8,2,6,30,27,17,177,1.2873426675796509,18.387750244140648,86.76276646525669
5119,2014,8,2,7,30,234,65,594,1.333434820175171,19.888818359375023,73.44755042292526
5120,2014,8,2,8,30,473,87,768,1.0578349828720093,22.084771728515648,59.86465011311525
5121,2014,8,2,9,30,693,101,854,0.5447474718093872,24.517114257812523,46.124213200576904
5122,2014,8,2,10,30,871,111,899,0.4242262244224548,26.613275146484398,32.325951976364195
5123,2014,8,2,11,30,991,116,923,0.8754260540008545,27.916986083984398,18.65767193550471
5124,2014,8,2,12,30,1043,119,930,1.4611083269119265,28.503533935546894,6.593164663737596
5125,2014,8,2,13,30,1024,118,925,2.058614730834961,28.519525146484398,11.56564594704814
5126,2014,8,2,14,30,935,114,905,2.615561962127685,28.027368164062523,24.865742739697126
5127,2014,8,2,15,30,784,106,867,3.063129425048828,27.081109619140648,38.63774369508527
5128,2014,8,2,16,30,585,95,803,3.399564266204834,25.560906982421894,52.43026077586997
5129,2014,8,2,17,30,356,77,689,3.458179473876953,23.501245117187523,66.12018451680109
5130,2014,8,2,18,30,117,55,346,3.216087818145752,21.332788085937523,79.6098604016849
5131,2014,8,2,19,30,0,0,0,2.8602042198181152,19.738610839843773,92.77513749708721
5132,2014,8,2,20,30,0,0,0,2.4423930644989014,18.806604003906273,105.41790038934508
5133,2014,8,2,21,30,0,0,0,2.0883321762084956,18.608789062500023,117.20459817704453
5134,2014,8,2,22,30,0,0,0,1.8389208316802976,18.851800537109398,127.53993054802886
5135,2014,8,2,23,30,0,0,0,1.5901012420654297,18.757928466796894,135.39149797960243
5136,2014,8,3,0,30,0,0,0,1.394723892211914,18.499841308593773,139.2879691446885
5137,2014,8,3,1,30,0,0,0,1.287944793701172,18.161340332031273,138.10744457561864
5138,2014,8,3,2,30,0,0,0,1.2850524187088013,17.693719482421898,132.2254166241587
5139,2014,8,3,3,30,0,0,0,1.4006023406982422,17.216516113281273,123.08474950126578
5140,2014,8,3,4,30,0,0,0,1.5750956535339355,16.620599365234398,111.9925411512704
5141,2014,8,3,5,30,0,0,0,1.7587993144989014,16.495751953125026,99.76174256021031
5142,2014,8,3,6,30,13,13,0,1.7331595420837402,17.733636474609398,86.84764857757831
5143,2014,8,3,7,30,115,104,38,1.363927721977234,19.955834960937523,73.51661718576412
5144,2014,8,3,8,30,410,157,504,0.6620774269104004,22.537255859375023,59.92215655052641
5145,2014,8,3,9,30,610,222,559,0.35452741384506226,24.973535156250023,46.17484923808826
5146,2014,8,3,10,30,636,386,295,0.7322492599487305,26.796746826171894,32.37722975456888
5147,2014,8,3,11,30,497,433,67,1.2049012184143066,27.948785400390648,18.72990649223442
5148,2014,8,3,12,30,721,477,245,1.6614705324172974,28.534692382812523,6.7986405423662575
5149,2014,8,3,13,30,648,483,169,2.1150336265563965,28.661859130859398,11.713417175408026
5150,2014,8,3,14,30,730,390,374,2.620628833770752,28.213494873046894,24.96146693937661
5151,2014,8,3,15,30,564,359,262,3.1904726028442383,27.136529541015648,38.72538719811199
5152,2014,8,3,16,30,420,268,250,3.6906137466430655,25.560357666015648,52.521278072959355
5153,2014,8,3,17,30,217,169,119,3.8082275390625,23.665460205078148,66.22005969988335
5154,2014,8,3,18,30,25,25,0,3.60207748413086,21.701440429687523,79.72267526587811
5155,2014,8,3,19,30,0,0,0,3.351768016815185,20.207879638671894,92.90503137835871
5156,2014,8,3,20,30,0,0,0,3.042919158935547,19.302148437500023,105.569718155025
5157,2014,8,3,21,30,0,0,0,2.705708265304565,18.717950439453148,117.38414449535944
5158,2014,8,3,22,30,0,0,0,2.429447650909424,18.448632812500023,127.75285333705729
5159,2014,8,3,23,30,0,0,0,2.168221950531006,18.328393554687523,135.63808036927568
5160,2014,8,4,0,30,0,0,0,1.900787115097046,18.172845458984398,139.55215369312495
5161,2014,8,4,1,30,0,0,0,1.6374990940093994,17.955133056640648,138.3564394760657
5162,2014,8,4,2,30,0,0,0,1.326671838760376,17.711083984375023,132.43537427562936
5163,2014,8,4,3,30,0,0,0,1.1253483295440674,17.501794433593773,123.25278653582752
5164,2014,8,4,4,30,0,0,0,1.1283795833587646,17.257226562500026,112.12545818755257
5165,2014,8,4,5,30,0,0,0,1.215809345245361,17.303735351562526,99.86729735752428
5166,2014,8,4,6,30,25,16,159,1.1601474285125732,18.217187500000023,86.93218682079294
5167,2014,8,4,7,30,226,64,572,0.8265312910079956,20.025598144531273,73.58528047529526
5168,2014,8,4,8,30,460,86,747,0.5799897313117981,22.193231201171894,59.97935793641103
5169,2014,8,4,9,30,677,100,834,0.7501963376998901,24.071405029296894,46.22549771889863
5170,2014,8,4,10,30,438,380,67,1.1097242832183838,25.51668701171877,32.42926144404972
5171,2014,8,4,11,30,499,433,69,1.4871665239334106,26.322900390625023,18.804808803272195
5172,2014,8,4,12,30,224,204,19,1.9247291088104248,26.15511474609377,7.010532487291527
5173,2014,8,4,13,30,331,307,24,2.3833236694335938,25.306451416015648,11.869629198193508
5174,2014,8,4,14,30,514,428,95,2.7685189247131348,24.131799316406273,25.063194721342626
5175,2014,8,4,15,30,774,106,857,2.966871738433838,22.929162597656273,38.817988260359115
5176,2014,8,4,16,30,329,270,96,2.9157063961029053,21.886499023437523,52.616771962108075
5177,2014,8,4,17,30,119,119,0,2.6825289726257324,20.886407470703148,66.32417855694011
5178,2014,8,4,18,30,96,63,186,2.482327461242676,20.068933105468773,79.83964092036177
5179,2014,8,4,19,30,0,0,0,2.4241442680358887,19.757653808593773,93.03908651337817
5180,2014,8,4,20,30,0,0,0,2.335266590118408,19.650567626953148,105.72580335982458
5181,2014,8,4,21,30,0,0,0,2.1761026382446294,19.391900634765648,117.56817158747066
5182,2014,8,4,22,30,0,0,0,2.0501410961151123,19.181817626953148,127.97057764922708
5183,2014,8,4,23,30,0,0,0,1.9076306819915767,19.053826904296894,135.88976194884683
5184,2014,8,5,0,30,0,0,0,1.6471191644668581,18.841424560546894,139.82121272195982
5185,2014,8,5,1,30,0,0,0,1.3175617456436155,18.601953125000023,138.60911083777594
5186,2014,8,5,2,30,0,0,0,1.1320534944534302,18.544396972656273,132.64745768536974
5187,2014,8,5,3,30,0,0,0,1.2029684782028198,18.573724365234398,123.42177545188221
5188,2014,8,5,4,30,0,0,0,1.3752782344818115,18.341455078125023,112.25860603382513
5189,2014,8,5,5,30,0,0,0,1.518409013748169,18.277825927734398,99.97267627269163
5190,2014,8,5,6,30,6,6,0,1.557932734489441,19.049249267578148,87.0163501136537
5191,2014,8,5,7,30,61,61,0,1.4200105667114258,20.594110107421894,73.65353098492946
5192,2014,8,5,8,30,285,221,127,1.1001026630401611,22.684686279296894,60.03626794805616
5193,2014,8,5,9,30,682,100,840,0.6909812688827515,24.959893798828148,46.276199622685404
5194,2014,8,5,10,30,859,110,888,0.6091554164886475,26.731622314453148,32.48212598535183
5195,2014,8,5,11,30,979,116,912,0.970189929008484,27.581658935546894,18.88251471349604
5196,2014,8,5,12,30,636,489,148,1.4897398948669434,27.460839843750023,7.2287434493136695
5197,2014,8,5,13,30,1012,117,914,2.0668652057647705,26.434960937500023,12.034230689175073
5198,2014,8,5,14,30,923,113,894,2.6762328147888184,24.69246826171877,25.170974734728038
5199,2014,8,5,15,30,773,106,856,3.1554257869720463,22.867242431640648,38.91557661723042
5200,2014,8,5,16,30,313,265,79,3.283505916595459,21.370294189453148,52.71675160736805
5201,2014,8,5,17,30,189,162,67,3.1044421195983887,20.095727539062523,66.4325322842666
5202,2014,8,5,18,30,107,56,292,2.726985216140747,19.169213867187523,79.96073227892956
5203,2014,8,5,19,30,0,0,0,2.4221553802490234,18.825219726562523,93.17726252649086
5204,2014,8,5,20,30,0,0,0,2.2182202339172363,18.763665771484398,105.88610113218536
5205,2014,8,5,21,30,0,0,0,1.9353599548339844,18.601525878906273,117.75661184337149
5206,2014,8,5,22,30,0,0,0,1.691997528076172,18.385308837890648,128.19302759403195
5207,2014,8,5,23,30,0,0,0,1.5121093988418581,18.079736328125023,136.14646528828035
5208,2014,8,6,0,30,0,0,0,1.4448072910308838,17.711694335937523,140.0950636956253
5209,2014,8,6,1,30,0,0,0,1.5232297182083132,17.355615234375026,138.8653557637283
5210,2014,8,6,2,30,0,0,0,1.584504246711731,17.074975585937526,132.8615551970974
5211,2014,8,6,3,30,0,0,0,1.5565428733825684,16.833856201171898,123.5916183557937
5212,2014,8,6,4,30,0,0,0,1.504735231399536,16.526971435546898,112.39190971024759
5213,2014,8,6,5,30,0,0,0,1.456911325454712,16.615167236328148,100.0778280026938
5214,2014,8,6,6,30,23,16,156,1.3255407810211182,17.912591552734398,87.10010961430855
5215,2014,8,6,7,30,228,64,584,1.064016819000244,20.042779541015648,73.72136175903066
5216,2014,8,6,8,30,466,86,760,1.032978057861328,22.259881591796894,60.09290262366965
5217,2014,8,6,9,30,686,101,846,1.2702093124389648,24.363458251953148,46.32699817834447
5218,2014,8,6,10,30,864,110,894,1.4930670261383057,26.211724853515648,32.53590408609466
5219,2014,8,6,11,30,985,116,919,1.7612497806549072,27.467889404296894,18.96315863510118
5220,2014,8,6,12,30,1039,119,928,2.13207745552063,27.62850341796877,7.453171349419378
5221,2014,8,6,13,30,1021,118,924,2.517000436782837,26.654077148437523,12.207152414713178
5222,2014,8,6,14,30,730,392,374,2.843377590179444,25.255609130859398,25.28484734095744
5223,2014,8,6,15,30,782,106,869,3.1090164184570312,23.729608154296894,39.01817678930414
5224,2014,8,6,16,30,582,95,806,3.2937216758728027,22.198602294921894,52.82122202897062
5225,2014,8,6,17,30,353,77,693,3.2905163764953613,20.813867187500023,66.5451084517243
5226,2014,8,6,18,30,126,42,488,3.127314567565918,19.618127441406273,80.08592093902278
5227,2014,8,6,19,30,0,0,0,3.0047550201416016,19.117059326171894,93.31951594789291
5228,2014,8,6,20,30,0,0,0,2.9411447048187256,18.952783203125023,106.05055368887942
5229,2014,8,6,21,30,0,0,0,2.776547431945801,18.528527832031273,117.94939493757944
5230,2014,8,6,22,30,0,0,0,2.51742959022522,18.117333984375023,128.4201248922642
5231,2014,8,6,23,30,0,0,0,2.2101683616638184,17.943383789062523,136.40811120632029
5232,2014,8,7,0,30,0,0,0,1.8823221921920776,17.901788330078148,140.3736229104718
5233,2014,8,7,1,30,0,0,0,1.6472842693328855,17.898645019531273,139.12507022322131
5234,2014,8,7,2,30,0,0,0,1.5770978927612305,17.792962646484398,133.07755474571584
5235,2014,8,7,3,30,0,0,0,1.6311471462249756,17.693963623046898,123.7622180927147
5236,2014,8,7,4,30,0,0,0,1.7029762268066406,17.570611572265648,112.52529580437779
5237,2014,8,7,5,30,0,0,0,1.695833683013916,17.582635498046898,100.18270327375578
5238,2014,8,7,6,30,13,13,19,1.6364452838897705,18.526727294921894,87.18343873507067
5239,2014,8,7,7,30,137,109,98,1.6487735509872437,20.464746093750023,73.78876818009327
5240,2014,8,7,8,30,463,86,756,1.774595022201538,22.590356445312523,60.149280319577464
5241,2014,8,7,9,30,681,100,842,1.933326005935669,24.255090332031273,46.37793878079914
5242,2014,8,7,10,30,859,110,889,2.0183684825897217,25.122186279296894,32.59067805871439
5243,2014,8,7,11,30,980,116,914,2.042370319366455,25.470513916015648,19.046873131839376
5244,2014,8,7,12,30,1033,118,922,2.0607867240905757,25.407739257812523,7.683709997791881
5245,2014,8,7,13,30,1014,117,918,2.0944681167602544,24.721154785156273,12.388308503979118
5246,2014,8,7,14,30,926,113,899,2.1758084297180176,23.74447021484377,25.40484451464589
5247,2014,8,7,15,30,775,106,862,2.333444833755493,22.621881103515648,39.125808010488726
5248,2014,8,7,16,30,576,94,799,2.4568991661071777,21.343011474609398,52.930184070195686
5249,2014,8,7,17,30,244,162,206,2.46829891204834,20.163812255859398,66.66189099504169
5250,2014,8,7,18,30,93,61,190,2.3757433891296387,19.378076171875023,80.21517519099774
5251,2014,8,7,19,30,0,0,0,2.285130500793457,19.157983398437523,93.46580023412164
5252,2014,8,7,20,30,0,0,0,2.31219744682312,19.258325195312523,106.21910036085994
5253,2014,8,7,21,30,0,0,0,2.3821179866790767,19.237207031250023,118.14644785437149
5254,2014,8,7,22,30,0,0,0,2.262701988220215,19.042413330078148,128.65178889694204
5255,2014,8,7,23,30,0,0,0,2.1404705047607417,18.888970947265648,136.6746187967214
5256,2014,8,8,0,30,0,0,0,2.078531503677368,18.706719970703148,140.65680553137662
5257,2014,8,8,1,30,0,0,0,1.9372234344482424,18.455163574218773,139.38814908541443
5258,2014,8,8,2,30,0,0,0,1.8556196689605715,18.215539550781273,133.29534392350126
5259,2014,8,8,3,30,0,0,0,1.8076870441436768,17.963616943359398,123.93347832837006
5260,2014,8,8,4,30,0,0,0,1.7737472057342532,17.734826660156273,112.6586925374852
5261,2014,8,8,5,30,0,0,0,1.6527292728424072,17.613610839843773,100.2872548810897
5262,2014,8,8,6,30,10,10,0,1.541227102279663,17.972558593750023,87.26631315433833
5263,2014,8,8,7,30,106,98,27,1.6412801742553709,19.032586669921894,73.85574795283159
5264,2014,8,8,8,30,374,190,370,1.8375300168991089,20.327081298828148,60.20542166411824
5265,2014,8,8,9,30,674,100,832,1.931051254272461,21.369287109375023,46.42906890442015
5266,2014,8,8,10,30,851,109,880,1.8856763839721682,22.149133300781273,32.64653165371766
5267,2014,8,8,11,30,971,115,905,1.778329372406006,22.750207519531273,19.133788505504526
5268,2014,8,8,12,30,1024,118,915,1.6780858039855957,22.982843017578148,7.9202498912931825
5269,2014,8,8,13,30,1007,117,911,1.6408283710479736,22.732232666015648,12.57759777851868
5270,2014,8,8,14,30,611,436,193,1.7088849544525146,22.167413330078148,25.530989778412433
5271,2014,8,8,15,30,560,353,267,1.90159273147583,21.448358154296894,39.23848416934554
5272,2014,8,8,16,30,323,267,93,2.1186165809631348,20.631463623046894,53.043634371830606
5273,2014,8,8,17,30,97,97,0,2.1585335731506348,19.776025390625023,66.78286021330867
5274,2014,8,8,18,30,11,11,0,2.0220201015472408,19.127008056640648,80.34846003087392
5275,2014,8,8,19,30,0,0,0,1.935608386993408,19.015344238281273,93.6160657908778
5276,2014,8,8,20,30,0,0,0,1.9321590662002563,19.194238281250023,106.39167762068001
5277,2014,8,8,21,30,0,0,0,1.9665675163269043,19.295068359375023,118.34769491367588
5278,2014,8,8,22,30,0,0,0,2.050139904022217,19.273828125000023,128.8879366139912
5279,2014,8,8,23,30,0,0,0,2.1206297874450684,19.136376953125023,136.9459054537815
5280,2014,8,9,0,30,0,0,0,2.2152130603790283,19.053125000000023,140.94452562807922
5281,2014,8,9,1,30,0,0,0,2.3617019653320312,19.080743408203148,139.65448615279377
5282,2014,8,9,2,30,0,0,0,2.5997402667999268,19.142541503906273,133.51481004742834
5283,2014,8,9,3,30,0,0,0,2.9525468349456787,19.165582275390648,124.10530363094476
5284,2014,8,9,4,30,0,0,0,3.2457680702209477,19.057733154296894,112.79202982933708
5285,2014,8,9,5,30,0,0,0,3.3909811973571777,18.924859619140648,100.3914377261319
5286,2014,8,9,6,30,11,11,8,3.3815097808837886,18.860223388671894,87.34871082565569
5287,2014,8,9,7,30,126,105,75,3.24624252319336,18.829766845703148,73.92230108551347
5288,2014,8,9,8,30,286,217,137,3.0468873977661133,19.148339843750023,60.26134950897409
5289,2014,8,9,9,30,522,288,340,2.777003288269043,19.835565185546894,46.4804380134649
5290,2014,8,9,10,30,843,109,872,2.520216464996338,20.705224609375023,32.70354988897732
5291,2014,8,9,11,30,963,115,898,2.3487558364868164,21.446008300781273,19.22403238652359
5292,2014,8,9,12,30,929,370,564,2.2428324222564697,21.842095947265648,8.162678898915047
5293,2014,8,9,13,30,913,353,574,2.2379884719848637,22.049157714843773,12.77490511402354
5294,2014,8,9,14,30,913,113,887,2.344353675842285,22.068566894531273,25.663298171397056
5295,2014,8,9,15,30,764,105,851,2.516890525817871,21.826806640625023,39.35621376322194
5296,2014,8,9,16,30,566,94,788,2.6562025547027592,21.193872070312523,53.16156535377203
5297,2014,8,9,17,30,340,76,672,2.5880613327026367,20.181207275390648,66.90799277110052
5298,2014,8,9,18,30,117,40,464,2.396766185760498,18.993402099609398,80.48573717656681
5299,2014,8,9,19,30,0,0,0,2.206820011138916,18.165612792968773,93.77025999841335
5300,2014,8,9,20,30,0,0,0,2.0367190837860107,17.734124755859398,106.56821911160351
5301,2014,8,9,21,30,0,0,0,1.92071795463562,17.550073242187526,118.55305779778584
5302,2014,8,9,22,30,0,0,0,1.881430387496948,17.714715576171898,129.12848272266191
5303,2014,8,9,23,30,0,0,0,1.8803369998931885,17.783013916015648,137.22188689717757
5304,2014,8,10,0,30,0,0,0,1.7561925649642944,17.669305419921898,141.23669621122073
5305,2014,8,10,1,30,0,0,0,1.5424308776855469,17.620233154296898,139.92397419437484
5306,2014,8,10,2,30,0,0,0,1.3385815620422363,17.544641113281273,133.73584022755585
5307,2014,8,10,3,30,0,0,0,1.1818523406982422,17.465173339843773,124.2775995528492
5308,2014,8,10,4,30,0,0,0,1.1061674356460571,17.411828613281273,112.92523936134191
5309,2014,8,10,5,30,0,0,0,1.1083049774169922,17.367456054687526,100.49520885132436
5310,2014,8,10,6,30,8,8,0,1.2090675830841064,17.853021240234398,87.43061198401173
5311,2014,8,10,7,30,96,92,13,1.303239107131958,19.274102783203148,73.98842986835683
5312,2014,8,10,8,30,199,184,29,1.2637901306152344,21.403710937500023,60.31708887738096
5313,2014,8,10,9,30,503,305,287,1.244474172592163,23.288507080078148,46.532097469189246
5314,2014,8,10,10,30,558,406,181,1.4396673440933228,24.100091552734398,32.76181887485407
5315,2014,8,10,11,30,528,446,87,1.8561644554138184,24.117242431640648,19.317729330953227
5316,2014,8,10,12,30,613,485,129,2.3436272144317627,23.741571044921894,8.410882845519396
5317,2014,8,10,13,30,701,468,239,2.699159383773804,23.225457763671894,12.980102809516795
5318,2014,8,10,14,30,712,393,354,2.787130117416382,22.831903076171894,25.80177625088601
5319,2014,8,10,15,30,773,106,863,2.66603422164917,22.424249267578148,39.47899986540678
5320,2014,8,10,16,30,574,94,801,2.529244899749756,21.775842285156273,53.283965203937676
5321,2014,8,10,17,30,344,76,687,2.416454792022705,20.778100585937523,67.03726170556416
5322,2014,8,10,18,30,117,41,466,2.350269079208374,19.406762695312523,80.62696508758161
5323,2014,8,10,19,30,0,0,0,2.2847437858581543,18.263360595703148,93.92832723939243
5324,2014,8,10,20,30,0,0,0,2.188196182250977,17.921319580078148,106.74865567833626
5325,2014,8,10,21,30,0,0,0,2.131847381591797,18.237969970703148,118.76245557886644
5326,2014,8,10,22,30,0,0,0,2.0926766395568848,18.480615234375023,129.37333959572078
5327,2014,8,10,23,30,0,0,0,1.958272218704224,18.183953857421894,137.50247719605034
5328,2014,8,11,0,30,0,0,0,1.715165376663208,17.725366210937523,141.53322926805367
5329,2014,8,11,1,30,0,0,0,1.4572114944458008,17.346520996093773,140.19650497887147
5330,2014,8,11,2,30,0,0,0,1.25482177734375,16.904718017578148,133.95832143660942
5331,2014,8,11,3,30,0,0,0,1.165719509124756,16.439721679687526,124.45027271241085
5332,2014,8,11,4,30,0,0,0,1.1602102518081665,16.059014892578148,113.05825463780235
5333,2014,8,11,5,30,0,0,0,1.173840045928955,16.097833251953148,100.59852747212229
5334,2014,8,11,6,30,19,13,130,1.064193606376648,17.096704101562526,87.5119991490889
5335,2014,8,11,7,30,220,63,571,0.8150807619094849,19.042169189453148,74.05413884899818
5336,2014,8,11,8,30,457,86,751,0.8352690935134888,21.339349365234398,60.372666909496076
5337,2014,8,11,9,30,677,100,838,1.220314383506775,23.361627197265648,46.58410043386763
5338,2014,8,11,10,30,855,110,886,1.639808177947998,24.909692382812523,32.82142563559362
5339,2014,8,11,11,30,835,371,492,1.961674928665161,25.903222656250023,19.415000425807925
5340,2014,8,11,12,30,880,398,488,2.208407402038574,26.186517333984398,8.664746004284384
5341,2014,8,11,13,30,1008,117,914,2.4496612548828125,25.817590332031273,13.19305194194007
5342,2014,8,11,14,30,919,113,895,2.7584033012390137,25.032189941406273,25.94642212634271
5343,2014,8,11,15,30,767,106,858,3.099989652633667,24.078088378906273,39.60684010530256
5344,2014,8,11,16,30,567,94,793,3.3158249855041504,22.955621337890648,53.41081787447954
5345,2014,8,11,17,30,27,27,0,3.238929271697998,21.549920654296894,67.17063643823931
5346,2014,8,11,18,30,110,42,428,3.0249423980712886,19.982751464843773,80.77209898788819
5347,2014,8,11,19,30,0,0,0,2.8503921031951904,18.822015380859398,94.09020892900587
5348,2014,8,11,20,30,0,0,0,2.601099967956543,18.248651123046894,106.9329153992754
5349,2014,8,11,21,30,0,0,0,2.340831756591797,18.218621826171894,118.97580474701712
5350,2014,8,11,22,30,0,0,0,2.1770081520080566,18.331445312500023,129.62241731912098
5351,2014,8,11,23,30,0,0,0,1.9136064052581787,18.075250244140648,137.7875887921347
5352,2014,8,12,0,30,0,0,0,1.5109199285507202,17.760186767578148,141.83403579781557
5353,2014,8,12,1,30,0,0,0,1.2301758527755735,17.570214843750026,140.47196930769576
5354,2014,8,12,2,30,0,0,0,0.9043943881988524,17.339929199218773,134.1821405807257
5355,2014,8,12,3,30,0,0,0,0.5226198434829712,17.067285156250026,124.62323087534857
5356,2014,8,12,4,30,0,0,0,0.5067422389984131,16.790826416015648,113.19101104551856
5357,2014,8,12,5,30,0,0,0,0.8065122365951538,16.767572021484398,100.70135500655931
5358,2014,8,12,6,30,18,13,123,0.949058711528778,17.728936767578148,87.59285712580093
5359,2014,8,12,7,30,218,63,565,0.6856036186218262,19.659967041015648,74.11943480520259
5360,2014,8,12,8,30,262,214,96,0.4347890615463257,21.880731201171894,60.42811280509837
5361,2014,8,12,9,30,673,100,834,0.6176509857177734,23.833459472656273,46.63650177194004
5362,2014,8,12,10,30,851,110,882,0.9282766580581664,25.290887451171894,32.88245792724743
5363,2014,8,12,11,30,971,115,907,1.168303608894348,26.07113037109377,19.515962905105912
5364,2014,8,12,12,30,803,403,405,1.5182820558547974,26.125695800781273,8.924151508248698
5365,2014,8,12,13,30,1005,117,912,1.9983172416687007,25.650323486328148,13.41360368692338
5366,2014,8,12,14,30,916,113,894,2.5059525966644287,24.709100341796894,26.097225524514872
5367,2014,8,12,15,30,765,106,856,2.8977270126342773,23.549554443359398,39.7397266612833
5368,2014,8,12,16,30,450,238,356,3.062281608581543,22.424859619140648,53.54210308500905
5369,2014,8,12,17,30,65,65,0,2.942460536956787,21.175531005859398,67.30808279148314
5370,2014,8,12,18,30,2,2,0,2.7457892894744877,19.892785644531273,80.92109089211392
5371,2014,8,12,19,30,0,0,0,2.601877450942993,19.050103759765648,94.25584354738352
5372,2014,8,12,20,30,0,0,0,2.4259865283966064,18.724877929687523,107.12092362017091
5373,2014,8,12,21,30,0,0,0,2.272754192352295,18.681298828125023,119.19301923904487
5374,2014,8,12,22,30,0,0,0,2.1454644203186035,18.578729248046894,129.87562371136238
5375,2014,8,12,23,30,0,0,0,1.9704976081848145,18.317376708984398,138.0771325220244
5376,2014,8,13,0,30,0,0,0,1.6882760524749756,17.876153564453148,142.13902584672078
5377,2014,8,13,1,30,0,0,0,1.33621346950531,17.500360107421898,140.75025704791582
5378,2014,8,13,2,30,0,0,0,1.0671725273132324,17.339929199218773,134.4071845714993
5379,2014,8,13,3,30,0,0,0,0.945547580718994,17.132531738281273,124.79638303605653
5380,2014,8,13,4,30,0,0,0,0.9104402661323548,16.739099121093773,113.32344591126974
5381,2014,8,13,5,30,0,0,0,0.9181976914405824,16.521783447265648,100.80365510191145
5382,2014,8,13,6,30,17,13,120,0.7984633445739746,17.170251464843773,87.6731730018295
5383,2014,8,13,7,30,218,63,569,0.5036673545837402,18.971276855468773,74.18432671475837
5384,2014,8,13,8,30,455,86,750,0.6971354484558105,21.134332275390648,60.483457763386795
5385,2014,8,13,9,30,675,100,837,1.31789231300354,22.838983154296894,46.689357948070146
5386,2014,8,13,10,30,853,110,885,1.8172428607940676,24.08138427734377,32.94500405235418
5387,2014,8,13,11,30,597,462,142,2.197756290435791,24.858300781250023,19.620729778530105
5388,2014,8,13,12,30,853,377,482,2.429202079772949,25.163385009765648,9.188981690545786
5389,2014,8,13,13,30,888,387,515,2.5814027786254883,24.967401123046894,13.641600590188956
5390,2014,8,13,14,30,802,327,529,2.768216609954834,24.389611816406273,26.25416788438622
5391,2014,8,13,15,30,768,106,862,3.0265712738037114,23.619683837890648,39.8776462661754
5392,2014,8,13,16,30,486,209,466,3.1879150867462163,22.736230468750023,53.677796332855216
5393,2014,8,13,17,30,232,157,194,3.1206116676330566,21.542138671875023,67.44956300941757
5394,2014,8,13,18,30,50,50,0,3.005323886871338,20.059197998046894,81.0738896348203
5395,2014,8,13,19,30,0,0,0,2.86255407333374,18.893426513671894,94.42516667427094
5396,2014,8,13,20,30,0,0,0,2.5581774711608887,18.083917236328148,107.31260298934843
5397,2014,8,13,21,30,0,0,0,2.1591672897338867,17.316827392578148,119.41401046782336
5398,2014,8,13,22,30,0,0,0,1.7519456148147583,16.990563964843773,130.1328643423119
5399,2014,8,13,23,30,0,0,0,1.4438098669052124,17.239739990234398,138.3710176383641
5400,2014,8,14,0,30,0,0,0,1.3235795497894287,17.429681396484398,142.4481085425627
5401,2014,8,14,1,30,0,0,0,1.4090864658355713,17.261132812500026,141.03125716516357
5402,2014,8,14,2,30,0,0,0,1.5573019981384275,16.908624267578148,134.63334039918942
5403,2014,8,14,3,30,0,0,0,1.6525185108184814,16.492547607421898,124.969639498419
5404,2014,8,14,4,30,0,0,0,1.7207822799682615,16.036950683593773,113.45549855747144
5405,2014,8,14,5,30,0,0,0,1.77405846118927,15.725549316406275,100.9053936588582
5406,2014,8,14,6,30,17,12,118,1.74448561668396,16.236352539062526,87.75293614236455
5407,2014,8,14,7,30,219,63,573,1.436478853225708,18.406365966796894,74.24882572247876
5408,2014,8,14,8,30,457,86,755,0.8539096117019653,21.704064941406273,60.5387349200575
5409,2014,8,14,9,30,678,100,842,0.698430061340332,24.463586425781273,46.74272692233371
5410,2014,8,14,10,30,856,110,889,1.108755350112915,25.865686035156273,33.00915267158299
5411,2014,8,14,11,30,977,116,914,1.5641241073608398,26.235070800781273,19.72940947497217
5412,2014,8,14,12,30,810,398,417,2.011318683624268,26.05355224609377,9.45911836275775
5413,2014,8,14,13,30,1009,117,918,2.45214319229126,25.38704833984377,13.876877776667184
5414,2014,8,14,14,30,919,113,899,2.8323898315429688,24.36751708984377,26.417222480324348
5415,2014,8,14,15,30,766,106,862,3.06886625289917,23.179864501953148,40.020580225059426
5416,2014,8,14,16,30,564,94,797,3.0817770957946777,21.962823486328148,53.817868910180074
5417,2014,8,14,17,30,333,75,677,2.804990291595459,20.717340087890648,67.59503578333076
5418,2014,8,14,18,30,109,36,478,2.4420952796936035,19.430474853515648,81.23044090283409
5419,2014,8,14,19,30,0,0,0,2.1646275520324707,18.654351806640648,94.59811102578837
5420,2014,8,14,20,30,0,0,0,1.8503797054290767,18.435052490234398,107.5078734942506
5421,2014,8,14,21,30,0,0,0,1.599531173706055,18.426873779296894,119.63868735230685
5422,2014,8,14,22,30,0,0,0,1.5220129489898682,18.490136718750023,130.394042551582
5423,2014,8,14,23,30,0,0,0,1.429732084274292,18.237573242187523,138.66915183000188
5424,2014,8,15,0,30,0,0,0,1.4347167015075684,17.743798828125023,142.76119212890865
5425,2014,8,15,1,30,0,0,0,1.578168511390686,17.314355468750026,141.31485775652808
5426,2014,8,15,2,30,0,0,0,1.6493598222732544,16.927575683593773,134.8604952074131
5427,2014,8,15,3,30,0,0,0,1.7001738548278809,16.520593261718773,125.14291195639768
5428,2014,8,15,4,30,0,0,0,1.7742220163345337,16.032983398437526,113.58711035557751
5429,2014,8,15,5,30,0,0,0,1.8550156354904173,15.8703552246094,101.00653885260105
5430,2014,8,15,6,30,16,12,111,1.768005132675171,17.108178710937526,87.83213818178602
5431,2014,8,15,7,30,217,63,569,1.3706202507019043,19.525262451171894,74.31294510452553
5432,2014,8,15,8,30,456,86,753,0.8567252159118652,22.238519287109398,60.593979281743366
5433,2014,8,15,9,30,677,100,842,0.6180422306060791,24.709771728515648,46.79666804266179
5434,2014,8,15,10,30,856,110,890,0.7962877154350281,26.399652099609398,33.074992612802816
5435,2014,8,15,11,30,977,116,915,1.269347906112671,27.297387695312523,19.84210550271217
5436,2014,8,15,12,30,1029,118,924,1.8630564212799072,27.344995117187523,9.734443039499595
5437,2014,8,15,13,30,1009,117,919,2.388050079345703,26.667443847656273,14.119264087949475
5438,2014,8,15,14,30,919,113,901,2.7339458465576167,25.657617187500023,26.586354571584774
5439,2014,8,15,15,30,767,106,864,2.875422477722168,24.804742431640648,40.168504445013255
5440,2014,8,15,16,30,565,94,800,2.8696560859680176,23.896997070312523,53.962287927733186
5441,2014,8,15,17,30,333,75,681,2.750826358795166,22.318902587890648,67.74445628140322
5442,2014,8,15,18,30,79,54,169,2.6555404663085938,20.361749267578148,81.39068727055606
5443,2014,8,15,19,30,0,0,0,2.5739316940307617,18.888146972656273,94.77460649332569
5444,2014,8,15,20,30,0,0,0,2.3469557762146,17.899468994140648,107.7066524993931
5445,2014,8,15,21,30,0,0,0,2.0405080318450928,17.491082763671898,119.86695634800692
5446,2014,8,15,22,30,0,0,0,1.8444859981536863,17.877404785156273,130.65905946627552
5447,2014,8,15,23,30,0,0,0,1.7706117630004885,18.160058593750023,138.97144124093955
5448,2014,8,16,0,30,0,0,0,1.6596397161483765,18.190515136718773,143.07818399886102
5449,2014,8,16,1,30,0,0,0,1.4996514320373535,18.240502929687523,141.6009460835006
5450,2014,8,16,2,30,0,0,0,1.379246950149536,18.090966796875023,135.0885363690125
5451,2014,8,16,3,30,0,0,0,1.4207706451416016,17.791864013671898,125.31611357392148
5452,2014,8,16,4,30,0,0,0,1.5867872238159182,17.470971679687526,113.718224777416
5453,2014,8,16,5,30,0,0,0,1.7333550453186035,17.212121582031273,101.10706115142912
5454,2014,8,16,6,30,15,11,107,1.824026346206665,17.625573730468773,87.91077301267708
5455,2014,8,16,7,30,216,63,568,1.8329789638519287,19.315393066406273,74.37670022988291
5456,2014,8,16,8,30,455,86,753,1.745580554008484,21.640924072265648,60.649227657715066
5457,2014,8,16,9,30,677,100,842,1.6257840394973757,23.757775878906273,46.851241934481926
5458,2014,8,16,10,30,856,110,891,1.5082805156707764,25.172540283203148,33.14261267789625
5459,2014,8,16,11,30,978,116,917,1.4832658767700195,25.743859863281273,19.95891612852102
5460,2014,8,16,12,30,1031,118,926,1.7002434730529783,25.617852783203148,10.014837117200374
5461,2014,8,16,13,30,1011,118,922,2.082629680633545,25.036859130859398,14.368583141120125
5462,2014,8,16,14,30,921,114,903,2.436169147491455,24.427392578125023,26.761521576291123
5463,2014,8,16,15,30,767,106,866,2.6831684112548833,23.70906982421877,40.32138947651747
5464,2014,8,16,16,30,563,94,800,2.837458372116089,22.705621337890648,54.11101634516631
5465,2014,8,16,17,30,331,75,679,2.823460102081299,21.395532226562523,67.89777618252853
5466,2014,8,16,18,30,100,38,419,2.7143001556396484,19.927026367187523,81.55456823803269
5467,2014,8,16,19,30,0,0,0,2.6320316791534424,18.851647949218773,94.95458018436597
5468,2014,8,16,20,30,0,0,0,2.547696590423584,18.684777832031273,107.9088547855757
5469,2014,8,16,21,30,0,0,0,2.571652889251709,19.033959960937523,120.09872147817535
5470,2014,8,16,22,30,0,0,0,2.614593982696533,19.132867431640648,130.92781401826508
5471,2014,8,16,23,30,0,0,0,2.51198673248291,18.922998046875023,139.27779048808122
5472,2014,8,17,0,30,0,0,0,2.310211658477783,18.590509033203148,143.39899072839353
5473,2014,8,17,1,30,0,0,0,2.0459301471710205,18.249566650390648,141.88940860501654
5474,2014,8,17,2,30,0,0,0,1.7253623008728027,17.978845214843773,135.31735156341273
5475,2014,8,17,3,30,0,0,0,1.4106557369232178,17.704034423828148,125.48915906425007
5476,2014,8,17,4,30,0,0,0,1.1654713153839111,17.471887207031273,113.84878744411523
5477,2014,8,17,5,30,0,0,0,1.0142054557800293,17.343225097656273,101.20693333218487
5478,2014,8,17,6,30,15,11,105,0.9638103246688844,17.782861328125023,87.98883677170332
5479,2014,8,17,7,30,218,63,576,0.9699475765228271,19.327172851562523,74.44010851923963
5480,2014,8,17,8,30,459,86,762,1.133547067642212,21.295709228515648,60.70451858911437
5481,2014,8,17,9,30,682,101,850,1.4124579429626465,23.08504638671877,46.90651038783868
5482,2014,8,17,10,30,862,110,898,1.5948975086212158,24.521752929687523,33.21210144758181
5483,2014,8,17,11,30,984,116,923,1.736055850982666,25.358392333984398,20.079934076957628
5484,2014,8,17,12,30,1037,119,933,1.9769787788391116,25.648400878906273,10.300182013581306
5485,2014,8,17,13,30,1017,118,929,2.280517816543579,25.506524658203148,14.624654304923608
5486,2014,8,17,14,30,926,114,910,2.4850916862487797,25.265649414062523,26.94267326767215
5487,2014,8,17,15,30,771,106,873,2.587592124938965,24.895928955078148,40.479200565959246
5488,2014,8,17,16,30,566,94,807,2.7193045616149902,24.019403076171894,54.264013007578676
5489,2014,8,17,17,30,331,75,685,2.7992751598358154,22.401849365234398,68.05494371428543
5490,2014,8,17,18,30,104,50,380,2.8628973960876465,20.363549804687523,81.72202027178687
5491,2014,8,17,19,30,0,0,0,2.88470458984375,18.836846923828148,95.13795646526142
5492,2014,8,17,20,30,0,0,0,2.7256579399108887,17.845056152343773,108.11439259037935
5493,2014,8,17,21,30,0,0,0,2.5226550102233887,17.149926757812526,120.33388436528492
5494,2014,8,17,22,30,0,0,0,2.380509376525879,17.305871582031273,131.20020296067457
5495,2014,8,17,23,30,0,0,0,2.3339664936065674,17.961419677734398,139.58810267761328
5496,2014,8,18,0,30,0,0,0,2.3505241870880127,18.251733398437523,143.7235181091944
5497,2014,8,18,1,30,0,0,0,2.286540985107422,18.165643310546894,142.18013101061283
5498,2014,8,18,2,30,0,0,0,2.0859432220458984,17.932061767578148,135.5468288553607
5499,2014,8,18,3,30,0,0,0,1.8012824058532717,17.642114257812523,125.66196476872408
5500,2014,8,18,4,30,0,0,0,1.4392143487930298,17.349420166015648,113.97874617288731
5501,2014,8,18,5,30,0,0,0,1.1251163482666016,17.229547119140648,101.30613049310128
5502,2014,8,18,6,30,14,11,98,0.9928579330444336,17.651116943359398,88.06632782287541
5503,2014,8,18,7,30,215,63,569,0.9864497184753418,19.027368164062523,74.50318940112315
5504,2014,8,18,8,30,455,86,755,1.1332437992095947,20.955102539062523,60.759892275592755
5505,2014,8,18,9,30,677,100,844,1.3732678890228271,22.387628173828148,46.96253624202014
5506,2014,8,18,10,30,857,110,893,1.5589795112609863,23.049432373046894,33.28354708498057
5507,2014,8,18,11,30,978,116,919,1.7975940704345703,23.229760742187523,20.205246252075455
5508,2014,8,18,12,30,566,475,93,2.120962381362915,23.166406250000023,10.590359274245287
5509,2014,8,18,13,30,555,466,92,2.340152740478516,22.929895019531273,14.88729359107208
5510,2014,8,18,14,30,608,437,192,2.424581527709961,22.596002197265648,27.129751990394325
5511,2014,8,18,15,30,587,333,334,2.4946908950805664,22.194635009765648,40.641897718767524
5512,2014,8,18,16,30,530,137,675,2.5707106590271,21.483850097656273,54.42123268808452
5513,2014,8,18,17,30,250,143,286,2.5601963996887207,20.288110351562523,68.21590369458137
5514,2014,8,18,18,30,98,50,337,2.5084762573242188,18.889855957031273,81.8929768483555
5515,2014,8,18,19,30,0,0,0,2.4724900722503658,17.947320556640648,95.32465700595678
5516,2014,8,18,20,30,0,0,0,2.3434691429138184,17.746026611328148,108.32317565001806
5517,2014,8,18,21,30,0,0,0,2.2007293701171875,17.930200195312523,120.57234426335138
5518,2014,8,18,22,30,0,0,0,2.028076410293579,17.901300048828148,131.47612088396707
5519,2014,8,18,23,30,0,0,0,1.9257574081420896,17.633477783203148,139.9022794200925
5520,2014,8,19,0,30,0,0,0,1.906454801559448,17.359704589843773,144.0516711811084
5521,2014,8,19,1,30,0,0,0,1.8727824687957764,16.957116699218773,142.47299825383664
5522,2014,8,19,2,30,0,0,0,1.862376928329468,16.502038574218773,135.77685677503632
5523,2014,8,19,3,30,0,0,0,1.79451322555542,16.214105224609398,125.83444873444721
5524,2014,8,19,4,30,0,0,0,1.6895202398300169,16.012658691406273,114.10805102104656
5525,2014,8,19,5,30,0,0,0,1.5563160181045532,16.027062988281273,101.40463006342785
5526,2014,8,19,6,30,5,5,0,1.3507076501846311,17.125512695312526,88.14324673763687
5527,2014,8,19,7,30,86,85,5,1.1280944347381592,19.065789794921894,74.56596426534738
5528,2014,8,19,8,30,193,180,26,1.1508771181106567,21.270745849609398,60.81539049939425
5529,2014,8,19,9,30,288,266,32,1.3195772171020508,23.510064697265648,47.01938326768529
5530,2014,8,19,10,30,858,110,894,1.402969241142273,25.218041992187523,33.35703713778746
5531,2014,8,19,11,30,979,116,920,1.5219697952270508,26.05159912109377,20.334933482294005
5532,2014,8,19,12,30,1030,118,928,1.7601971626281738,25.932244873046894,10.885250651333694
5533,2014,8,19,13,30,1009,118,923,2.0673508644104004,25.21785888671877,15.15631446093292
5534,2014,8,19,14,30,915,113,902,2.286275625228882,24.240197753906273,27.32269289476676
5535,2014,8,19,15,30,544,351,255,2.35300874710083,23.16097412109377,40.809435772808534
5536,2014,8,19,16,30,536,119,718,2.3137683868408203,22.016931152343773,54.58262613632496
5537,2014,8,19,17,30,308,90,590,2.1922197341918945,20.684320068359398,68.38059757733444
5538,2014,8,19,18,30,19,19,0,2.069143056869507,19.316033935546894,82.06736850025631
5539,2014,8,19,19,30,0,0,0,1.939298391342163,18.437524414062523,95.51460082641887
5540,2014,8,19,20,30,0,0,0,1.8186372518539429,18.313012695312523,108.53511124227543
5541,2014,8,19,21,30,0,0,0,1.7751922607421875,18.543298339843773,120.81399809053407
5542,2014,8,19,22,30,0,0,0,1.7971729040145874,18.475793457031273,131.7554602311785
5543,2014,8,19,23,30,0,0,0,1.824655652046204,18.236657714843773,140.2202208439831
5544,2014,8,20,0,30,0,0,0,1.7300810813903809,17.854058837890648,144.38335426404376
5545,2014,8,20,1,30,0,0,0,1.506824016571045,17.121911621093773,142.76789458587518
5546,2014,8,20,2,30,0,0,0,1.3519859313964844,16.548150634765648,136.00732439968849
5547,2014,8,20,3,30,0,0,0,1.3365020751953125,16.318719482421898,126.00653079136076
5548,2014,8,20,4,30,0,0,0,1.3849952220916748,16.129937744140648,114.23665432784121
5549,2014,8,20,5,30,0,0,0,1.4176151752471924,16.256738281250026,101.5024118103587
5550,2014,8,20,6,30,13,10,89,1.380626201629639,17.434747314453148,88.21959627235205
5551,2014,8,20,7,30,213,62,566,1.337977409362793,19.168939208984398,74.62845641392414
5552,2014,8,20,8,30,452,86,752,1.388598918914795,20.981561279296894,60.871056547158396
5553,2014,8,20,9,30,673,100,841,1.5207723379135132,22.951959228515648,47.07711604684286
5554,2014,8,20,10,30,508,404,124,1.7719610929489136,24.209741210937523,33.43265834017156
5555,2014,8,20,11,30,580,460,127,2.1996896266937256,24.287316894531273,20.469070290355436
5556,2014,8,20,12,30,1025,118,924,2.687983989715576,23.713983154296894,11.184738159240284
5557,2014,8,20,13,30,1004,118,919,3.05029821395874,23.058984375000023,15.431528548775914
5558,2014,8,20,14,30,692,398,331,3.1746504306793213,22.59407958984377,27.52142418640686
5559,2014,8,20,15,30,756,105,861,3.1113681793212886,22.249902343750023,40.9817644811892
5560,2014,8,20,16,30,514,144,640,2.8766419887542725,21.745477294921894,54.74814013237911
5561,2014,8,20,17,30,257,132,339,2.448309421539306,20.742852783203148,68.54896350139633
5562,2014,8,20,18,30,66,55,80,2.0633101463317867,19.189447021484398,82.24512286444042
5563,2014,8,20,19,30,0,0,0,1.9426836967468264,17.901971435546898,95.70770434487845
5564,2014,8,20,20,30,0,0,0,1.990051746368408,17.273309326171898,108.750104230732
5565,2014,8,20,21,30,0,0,0,2.0413739681243896,17.481072998046898,121.058740462458
5566,2014,8,20,22,30,0,0,0,2.095489978790283,18.050958251953148,132.03811131263222
5567,2014,8,20,23,30,0,0,0,2.2461283206939697,18.217645263671894,140.54182560772918
5568,2014,8,21,0,30,0,0,0,2.383040189743042,18.248712158203148,144.7184709894519
5569,2014,8,21,1,30,0,0,0,2.4075474739074707,18.176995849609398,143.06470358957782
5570,2014,8,21,2,30,0,0,0,2.373520612716675,17.951379394531273,136.23812143668331
5571,2014,8,21,3,30,0,0,0,2.33017897605896,17.733239746093773,126.17813262800207
5572,2014,8,21,4,30,0,0,0,2.255892753601074,17.584649658203148,114.36451075337402
5573,2014,8,21,5,30,0,0,0,2.1303424835205083,17.512261962890648,101.59945784282559
5574,2014,8,21,6,30,12,9,83,1.9756397008895876,17.769769287109398,88.2953813427798
5575,2014,8,21,7,30,210,62,561,1.9292252063751218,18.674005126953148,74.69069100935666
5576,2014,8,21,8,30,450,86,749,2.1400117874145512,20.281610107421894,60.9269351292868
5577,2014,8,21,9,30,278,258,29,2.41904354095459,21.945367431640648,47.135799850645896
5578,2014,8,21,10,30,333,309,28,2.613614082336426,23.142724609375023,33.510496414318446
5579,2014,8,21,11,30,438,396,44,2.806931495666504,23.916406250000023,20.607724688857413
5580,2014,8,21,12,30,461,417,45,3.0455689430236816,24.393609619140648,11.488704111137082
5581,2014,8,21,13,30,1004,118,920,3.3146471977233887,24.523645019531273,15.712746304648366
5582,2014,8,21,14,30,912,114,902,3.5870907306671143,24.137384033203148,27.72586738911073
5583,2014,8,21,15,30,501,359,188,3.774140357971192,23.360253906250023,41.158828604115854
5584,2014,8,21,16,30,551,93,796,3.766038179397583,22.218286132812523,54.91771754605612
5585,2014,8,21,17,30,317,74,670,3.433539390563965,20.585473632812523,68.7209363431559
5586,2014,8,21,18,30,94,48,352,2.921739101409912,18.736383056640648,82.42616473302384
5587,2014,8,21,19,30,0,0,0,2.5800647735595703,17.425622558593773,95.90388142771916
5588,2014,8,21,20,30,0,0,0,2.4193406105041504,17.250238037109398,108.96805711016357
5589,2014,8,21,21,30,0,0,0,2.399362564086914,17.594812011718773,121.30646372599882
5590,2014,8,21,22,30,0,0,0,2.371110439300537,17.432336425781273,132.3239623199155
5591,2014,8,21,23,30,0,0,0,2.3826043605804443,17.225061035156273,140.86699091017738
5592,2014,8,22,0,30,0,0,0,2.511434555053711,17.282434082031273,145.05692433129053
5593,2014,8,22,1,30,0,0,0,2.5011417865753174,17.014855957031273,143.36330821385525
5594,2014,8,22,2,30,0,0,0,2.343778133392334,16.521997070312526,136.4691383079894
5595,2014,8,22,3,30,0,0,0,2.081396102905273,16.304986572265648,126.34917786629735
5596,2014,8,22,4,30,0,0,0,1.6933190822601318,16.242486572265648,114.4915773150295
5597,2014,8,22,5,30,0,0,0,1.3516111373901367,16.188684082031273,101.69575261240402
5598,2014,8,22,6,30,11,9,81,1.1387672424316406,16.675561523437526,88.3706089958346
5599,2014,8,22,7,30,213,63,572,1.1588126420974731,18.279107666015648,74.75269502043852
5600,2014,8,22,8,30,457,86,763,1.4603025913238523,20.339837646484398,60.98307229702054
5601,2014,8,22,9,30,682,101,854,1.803454041481018,22.210290527343773,47.1955005152699
5602,2014,8,22,10,30,863,111,903,2.08593225479126,23.972680664062523,33.590635872483894
5603,2014,8,22,11,30,985,117,928,2.3105340003967285,25.290643310546894,20.750958002534915
5604,2014,8,22,12,30,1036,119,936,2.489322662353516,26.027795410156273,11.797031139951784
5605,2014,8,22,13,30,695,473,230,2.6365809440612797,26.26986083984377,15.999777560395303
5606,2014,8,22,14,30,917,114,908,2.8258974552154537,26.015649414062523,27.935937618628568
5607,2014,8,22,15,30,758,106,869,3.0909464359283447,25.205987548828148,41.3405680090732
5608,2014,8,22,16,30,551,93,799,3.335132837295532,23.843499755859398,55.091297401181
5609,2014,8,22,17,30,315,73,671,3.357016563415528,21.921228027343773,68.89644777220228
5610,2014,8,22,18,30,82,50,248,3.2286622524261475,19.792199707031273,82.61041610619945
5611,2014,8,22,19,30,0,0,0,3.082383155822754,18.243066406250023,96.10304344096663
5612,2014,8,22,20,30,0,0,0,2.8383452892303467,17.258599853515648,109.18887005304316
5613,2014,8,22,21,30,0,0,0,2.541041374206543,16.903253173828148,121.55705799366028
5614,2014,8,22,22,30,0,0,0,2.283482074737549,17.101525878906273,132.61289933920665
5615,2014,8,22,23,30,0,0,0,2.0853428840637207,17.068566894531273,141.19561249932275
5616,2014,8,23,0,30,0,0,0,1.8473423719406128,16.769860839843773,145.39861663652394
5617,2014,8,23,1,30,0,0,0,1.580636739730835,16.505700683593773,143.66359080863134
5618,2014,8,23,2,30,0,0,0,1.3171415328979492,16.329125976562526,136.70026623621305
5619,2014,8,23,3,30,0,0,0,0.9755507707595824,16.198022460937526,126.51959213495267
5620,2014,8,23,4,30,0,0,0,0.6797484159469604,16.026727294921898,114.61781342100096
5621,2014,8,23,5,30,0,0,0,0.7126345634460449,15.927392578125026,101.79128291111954
5622,2014,8,23,6,30,10,8,73,0.9385085701942444,16.707421875000026,88.44528837845839
5623,2014,8,23,7,30,208,62,558,1.0239617824554443,18.642541503906273,74.81449716561255
5624,2014,8,23,8,30,448,86,748,0.90492844581604,21.304895019531273,61.03951535741458
5625,2014,8,23,9,30,670,100,839,0.8201159834861755,23.910302734375023,47.25628431594038
5626,2014,8,23,10,30,850,110,888,1.04848313331604,25.68636474609377,33.673159819929644
5627,2014,8,23,11,30,970,116,914,1.5314871072769165,26.576074218750023,20.89882471766424
5628,2014,8,23,12,30,1021,118,923,2.0826129913330083,26.487969970703148,12.109602206655836
5629,2014,8,23,13,30,999,118,918,2.5356411933898926,25.68172607421877,16.292432023439872
5630,2014,8,23,14,30,905,113,897,2.764243602752685,24.657739257812523,28.15154386504136
5631,2014,8,23,15,30,748,105,858,2.80747127532959,23.424859619140648,41.526917778646016
5632,2014,8,23,16,30,542,93,788,2.807135581970215,22.156060791015648,55.268814944515725
5633,2014,8,23,17,30,309,73,660,2.785604476928711,20.807031250000023,69.07542631016364
5634,2014,8,23,18,30,88,47,333,2.746490955352783,19.331933593750023,82.79779624738536
5635,2014,8,23,19,30,0,0,0,2.62258243560791,18.362329101562523,96.30509930348387
5636,2014,8,23,20,30,0,0,0,2.397397041320801,18.164300537109398,109.41244095734908
5637,2014,8,23,21,30,0,0,0,2.262568235397339,18.189080810546894,121.81041117864395
5638,2014,8,23,22,30,0,0,0,2.0569109916687007,17.820245361328148,132.9048063640265
5639,2014,8,23,23,30,0,0,0,1.691408634185791,17.362268066406273,141.52758467932162
5640,2014,8,24,0,30,0,0,0,1.3911988735198977,17.215447998046898,145.7434496551364
5641,2014,8,24,1,30,0,0,0,1.1596477031707764,17.119042968750026,143.9654331603351
5642,2014,8,24,2,30,0,0,0,1.079861402511597,16.876397705078148,136.9313973319047
5643,2014,8,24,3,30,0,0,0,1.2424628734588623,16.558251953125026,126.68930314143108
5644,2014,8,24,4,30,0,0,0,1.5429048538208008,16.244317626953148,114.74318090096477
5645,2014,8,24,5,30,0,0,0,1.8409936428070068,16.217340087890648,101.88603786626554
5646,2014,8,24,6,30,10,8,69,1.9599554538726809,17.094232177734398,88.51943070375364
5647,2014,8,24,7,30,208,62,561,1.7811059951782229,18.913140869140648,74.87612785375346
5648,2014,8,24,8,30,450,86,753,1.3221795558929443,21.363305664062523,61.09631278599042
5649,2014,8,24,9,30,674,101,845,0.6727311611175537,24.108026123046894,47.31821783921765
5650,2014,8,24,10,30,854,110,894,0.525962769985199,26.474603271484398,33.758149759172525
5651,2014,8,24,11,30,974,116,919,1.0220777988433838,27.94051513671877,21.051372358985066
5652,2014,8,24,12,30,1026,119,928,1.5471553802490234,28.149926757812523,12.426300598437605
5653,2014,8,24,13,30,1003,118,923,2.013412952423096,27.392205810546894,16.590519703162958
5654,2014,8,24,14,30,908,114,903,2.46436619758606,26.488549804687523,28.3725892817178
5655,2014,8,24,15,30,750,105,863,2.925816535949707,25.618646240234398,41.71780832548686
5656,2014,8,24,16,30,542,93,792,3.3619604110717773,24.272729492187523,55.4502017192936
5657,2014,8,24,17,30,307,73,661,3.5116004943847656,22.317315673828148,69.25779739247056
5658,2014,8,24,18,30,86,46,329,3.3171515464782715,20.338708496093773,82.98822174017566
5659,2014,8,24,19,30,0,0,0,3.001627922058105,19.100122070312523,96.5099555415004
5660,2014,8,24,20,30,0,0,0,2.678800106048584,18.757012939453148,109.63866549534895
5661,2014,8,24,21,30,0,0,0,2.400704860687256,18.645684814453148,122.06640903047735
5662,2014,8,24,22,30,0,0,0,2.1296067237854004,18.337915039062523,133.1995653072886
5663,2014,8,24,23,30,0,0,0,1.8942101001739504,18.140313720703148,141.86280031562836
5664,2014,8,25,0,30,0,0,0,1.7013572454452517,17.948205566406273,146.0913245696735
5665,2014,8,25,1,30,0,0,0,1.5149158239364624,17.568688964843773,144.2687165281743
5666,2014,8,25,2,30,0,0,0,1.4463956356048584,17.335137939453148,137.16242468251266
5667,2014,8,25,3,30,0,0,0,1.5641255378723145,17.259790039062526,126.85824074245609
5668,2014,8,25,4,30,0,0,0,1.8134974241256716,17.218499755859398,114.86764403386576
5669,2014,8,25,5,30,0,0,0,2.067399263381958,17.243463134765648,101.98000893213758
5670,2014,8,25,6,30,9,8,66,2.1313843727111816,17.627618408203148,88.59304921432647
5671,2014,8,25,7,30,211,63,572,1.9914029836654663,18.888757324218773,74.93761912276067
5672,2014,8,25,8,30,457,87,766,1.6979883909225464,21.220727539062523,61.153514137580565
5673,2014,8,25,9,30,683,101,858,1.204951286315918,24.126641845703148,47.38136785399328
5674,2014,8,25,10,30,864,111,906,0.6104812026023865,26.859826660156273,33.84568539629619
5675,2014,8,25,11,30,985,117,930,0.3963007926940918,28.774804687500023,21.208641394172105
5676,2014,8,25,12,30,1035,119,938,0.7075151205062866,29.69222412109377,12.747009918809509
5677,2014,8,25,13,30,1011,118,932,1.1578505039215088,29.904779052734398,16.89385127508035
5678,2014,8,25,14,30,914,114,911,1.6067247390747068,29.452630615234398,28.598971478513995
5679,2014,8,25,15,30,754,106,870,2.124361515045166,28.309533691406273,41.91316551348169
5680,2014,8,25,16,30,544,93,798,2.757542133331299,26.64656982421877,55.63538564262971
5681,2014,8,25,17,30,306,73,664,3.1919872760772705,24.379907226562523,69.44348343279225
5682,2014,8,25,18,30,85,46,327,3.334051609039306,21.982415771484398,83.18160654739555
5683,2014,8,25,19,30,0,0,0,3.2556672096252437,20.332330322265648,96.717516344825
5684,2014,8,25,20,30,0,0,0,2.925089836120605,19.324334716796894,109.86743716373476
5685,2014,8,25,21,30,0,0,0,2.607091426849365,18.957818603515648,122.32493517138184
5686,2014,8,25,22,30,0,0,0,2.426307916641236,19.060296630859398,133.49705601280402
5687,2014,8,25,23,30,0,0,0,2.1611580848693848,18.905664062500023,142.20115083824362
5688,2014,8,26,0,30,0,0,0,1.7506270408630369,18.508416748046894,146.44214202427747
5689,2014,8,26,1,30,0,0,0,1.3235909938812256,18.245202636718773,144.57332168107573
5690,2014,8,26,2,30,0,0,0,1.1059103012084959,18.182611083984398,137.39324244254178
5691,2014,8,26,3,30,0,0,0,1.2008073329925537,18.063562011718773,127.02633701270136
5692,2014,8,26,4,30,0,0,0,1.430064082145691,17.647515869140648,114.99116957267323
5693,2014,8,26,5,30,0,0,0,1.7121403217315674,17.322045898437526,102.07318987879421
5694,2014,8,26,6,30,9,7,60,1.8980324268341064,18.168634033203148,88.66615914298582
5695,2014,8,26,7,30,208,62,563,1.875528573989868,20.055718994140648,74.99900457567533
5696,2014,8,26,8,30,452,86,758,1.6453359127044678,22.402612304687523,61.21116995495993
5697,2014,8,26,9,30,677,101,851,1.2521241903305054,25.141717529296894,47.44580118094221
5698,2014,8,26,10,30,858,111,900,0.9083696603775024,27.798394775390648,33.93584444974342
5699,2014,8,26,11,30,980,117,926,0.9273885488510132,29.69173583984377,21.370665165839668
5700,2014,8,26,12,30,730,472,264,1.330679416656494,30.570611572265648,13.071614071576759
5701,2014,8,26,13,30,712,462,261,1.8964803218841555,30.65242919921877,17.202238388194242
5702,2014,8,26,14,30,909,114,907,2.563729286193848,29.999963378906273,28.830582817600426
5703,2014,8,26,15,30,749,106,866,3.264578104019165,28.828637695312523,42.11291078482938
5704,2014,8,26,16,30,538,93,793,3.883577823638916,27.11849365234377,55.82429108697371
5705,2014,8,26,17,30,301,72,656,4.058633804321288,24.629998779296894,69.63240389010204
5706,2014,8,26,18,30,82,45,315,3.7678475379943848,22.026330566406273,83.37786207170366
5707,2014,8,26,19,30,0,0,0,3.3737909793853764,20.401330566406273,96.9276836242715
5708,2014,8,26,20,30,0,0,0,3.0635669231414795,19.916101074218773,110.09864733471576
5709,2014,8,26,21,30,0,0,0,2.7782626152038574,19.704431152343773,122.58587113338221
5710,2014,8,26,22,30,0,0,0,2.3981270790100098,19.261346435546894,133.79715626621453
5711,2014,8,26,23,30,0,0,0,2.065722942352295,19.101342773437523,142.54252624293662
5712,2014,8,27,0,30,0,0,0,1.7665014266967771,19.138299560546894,146.79580215329108
5713,2014,8,27,1,30,0,0,0,1.3953144550323486,18.998498535156273,144.8791289356864
5714,2014,8,27,2,30,0,0,0,0.9540889859199524,18.825372314453148,137.623745925207
5715,2014,8,27,3,30,0,0,0,0.5921015739440918,18.627374267578148,127.19352631175651
5716,2014,8,27,4,30,0,0,0,0.6176860332489014,18.248895263671894,115.11372676599493
5717,2014,8,27,5,30,0,0,0,1.0052443742752075,17.991784667968773,102.16557677771412
5718,2014,8,27,6,30,8,7,55,1.3062067031860352,18.698754882812523,88.73877767071073
5719,2014,8,27,7,30,207,62,561,1.3376779556274414,20.306054687500023,75.06031931471662
5720,2014,8,27,8,30,451,86,758,1.1089037656784058,22.353234863281273,61.26933167589488
5721,2014,8,27,9,30,677,101,852,0.8451449871063232,24.680535888671894,47.511584561151295
5722,2014,8,27,10,30,859,111,902,0.8705629110336304,26.938256835937523,34.028702462161625
5723,2014,8,27,11,30,981,117,928,1.1551607847213743,28.852349853515648,21.537469850510067
5724,2014,8,27,12,30,1032,120,937,1.5475296974182131,30.014794921875023,13.399997240007535
5725,2014,8,27,13,30,248,230,18,1.952183961868286,30.353784179687523,17.515493920711165
5726,2014,8,27,14,30,427,383,50,2.284707546234131,30.132012939453148,29.067310709665236
5727,2014,8,27,15,30,750,106,871,2.589442014694214,29.406884765625023,42.31696129191617
5728,2014,8,27,16,30,309,251,103,3.0113770961761475,28.165551757812523,56.01683896492204
5729,2014,8,27,17,30,300,72,661,3.339796543121338,26.083551025390648,69.82447533813111
5730,2014,8,27,18,30,21,21,0,3.4564180374145512,23.821191406250023,83.57689721808548
5731,2014,8,27,19,30,0,0,0,3.344930410385132,22.075982666015648,97.14035707069769
5732,2014,8,27,20,30,0,0,0,2.9425411224365234,20.601129150390648,110.33218530849622
5733,2014,8,27,21,30,0,0,0,2.3994216918945312,19.681512451171894,122.8490963962042
5734,2014,8,27,22,30,0,0,0,1.856285572052002,19.406274414062523,134.09974180544208
5735,2014,8,27,23,30,0,0,0,1.4331656694412231,19.365197753906273,142.88681509042632
5736,2014,8,28,0,30,0,0,0,1.195359706878662,19.233270263671894,147.1522046093557
5737,2014,8,28,1,30,0,0,0,1.1448979377746582,19.031976318359398,145.1860181952328
5738,2014,8,28,2,30,0,0,0,1.224097490310669,18.778833007812523,137.85383169524334
5739,2014,8,28,3,30,0,0,0,1.426086187362671,18.474237060546894,127.35974534897552
5740,2014,8,28,4,30,0,0,0,1.6826910972595217,18.197229003906273,115.23528737661512
5741,2014,8,28,5,30,0,0,0,1.8984309434890747,17.993127441406273,102.25716798436386
5742,2014,8,28,6,30,7,6,47,2.078308582305908,18.395349121093773,88.81092388193404
5743,2014,8,28,7,30,201,61,543,2.161536693572998,20.148126220703148,75.12159987285322
5744,2014,8,28,8,30,440,85,738,2.0188646316528316,22.675500488281273,61.32805153815609
5745,2014,8,28,9,30,662,100,832,1.7131344079971311,25.139672851562523,47.57878452358033
5746,2014,8,28,10,30,841,110,882,1.4126539230346682,27.131402587890648,34.12433261586484
5747,2014,8,28,11,30,296,275,22,1.176732063293457,28.278436279296894,21.709074444161118
5748,2014,8,28,12,30,312,288,23,1.005275011062622,28.552972412109398,13.732043862613494
5749,2014,8,28,13,30,881,365,541,0.9608776569366456,28.21273193359377,17.833432189427658
5750,2014,8,28,14,30,344,319,27,1.212439775466919,27.591943359375023,29.309037909238313
5751,2014,8,28,15,30,731,105,849,1.8223876953125,26.711297607421894,42.525230033825544
5752,2014,8,28,16,30,403,231,310,2.5023598670959477,25.532403564453148,56.21294681740468
5753,2014,8,28,17,30,223,129,275,3.0110514163970947,23.844750976562523,70.01961153714106
5754,2014,8,28,18,30,60,60,0,3.2871990203857417,22.115136718750023,83.778618457717
5755,2014,8,28,19,30,0,0,0,3.2439165115356445,21.024987792968773,97.35543421526569
5756,2014,8,28,20,30,0,0,0,2.998558521270752,20.284722900390648,110.56793836681256
5757,2014,8,28,21,30,0,0,0,2.6586694717407227,19.636102294921894,123.1144884261103
5758,2014,8,28,22,30,0,0,0,2.2338709831237797,19.184564208984398,134.4046863306871
5759,2014,8,28,23,30,0,0,0,1.8208073377609253,18.992547607421894,143.23390450337325
5760,2014,8,29,0,30,0,0,0,1.464327335357666,18.892663574218773,147.51124859110774
5761,2014,8,29,1,30,0,0,0,1.1766464710235596,18.719689941406273,145.49386898970752
5762,2014,8,29,2,30,0,0,0,1.0697462558746338,18.478723144531273,138.08339766314376
5763,2014,8,29,3,30,0,0,0,1.1967744827270508,18.167718505859398,127.52493324629656
5764,2014,8,29,4,30,0,0,0,1.4125425815582275,17.832818603515648,115.35582569670828
5765,2014,8,29,5,30,0,0,0,1.5614180564880369,17.586083984375026,102.34796411775608
5766,2014,8,29,6,30,7,6,43,1.5675573348999023,18.048089599609398,88.88261871726898
5767,2014,8,29,7,30,201,61,546,1.5095694065093994,20.141137695312523,75.18288414350748
5768,2014,8,29,8,30,441,85,742,1.4941562414169312,22.940820312500023,61.38738248303854
5769,2014,8,29,9,30,664,100,836,1.4904720783233645,24.995874023437523,47.6474672520068
5770,2014,8,29,10,30,843,110,886,1.5063252449035645,26.285028076171894,34.22280555248676
5771,2014,8,29,11,30,705,432,294,1.5788878202438354,26.933099365234398,21.885490773253352
5772,2014,8,29,12,30,741,451,299,1.718066692352295,26.941339111328148,14.067638606435013
5773,2014,8,29,13,30,573,464,114,1.9105730056762693,26.46492919921877,18.155869117611857
5774,2014,8,29,14,30,132,129,3,2.097557544708252,25.798730468750023,29.55564280711564
5775,2014,8,29,15,30,136,134,1,2.2663559913635254,24.961419677734398,42.737625996323736
5776,2014,8,29,16,30,83,83,0,2.429338932037353,23.904229736328148,56.41252890467823
5777,2014,8,29,17,30,288,72,636,2.469579696655273,22.596490478515648,70.21772350769717
5778,2014,8,29,18,30,67,67,0,2.439109563827514,21.265496826171894,83.98292989329013
5779,2014,8,29,19,30,0,0,0,2.391763925552368,20.315606689453148,97.57281049110253
5780,2014,8,29,20,30,0,0,0,2.2583508491516118,19.564904785156273,110.80579182776027
5781,2014,8,29,21,30,0,0,0,2.0624647140502934,18.913232421875023,123.38192271560406
5782,2014,8,29,22,30,0,0,0,1.79750657081604,18.703698730468773,134.7118615140576
5783,2014,8,29,23,30,0,0,0,1.4959874153137207,18.832604980468773,143.58368016113795
5784,2014,8,30,0,30,0,0,0,1.2087253332138062,18.909997558593773,147.87283287037368
5785,2014,8,30,1,30,0,0,0,0.8790969848632812,18.803948974609398,145.80256051715187
5786,2014,8,30,2,30,0,0,0,0.5419681668281555,18.608697509765648,138.31234318041894
5787,2014,8,30,3,30,0,0,0,0.4691356718540192,18.449975585937523,127.68903159874293
5788,2014,8,30,4,30,0,0,0,0.7286759614944458,18.384301757812523,115.47531855996559
5789,2014,8,30,5,30,0,0,0,1.0907537937164309,18.454614257812523,102.4379680370068
5790,2014,8,30,6,30,6,6,39,1.331021428108215,18.936822509765648,88.95388492367424
5791,2014,8,30,7,30,200,61,545,1.379930019378662,20.234490966796894,75.24421130800654
5792,2014,8,30,8,30,440,85,742,1.0642906427383425,22.619256591796894,61.44737805723588
5793,2014,8,30,9,30,662,101,834,0.4728228151798248,25.441217041015648,47.717698451411145
5794,2014,8,30,10,30,841,110,884,0.4709734916687012,27.453546142578148,34.32418919732157
5795,2014,8,30,11,30,959,116,909,1.0488872528076172,28.298211669921894,22.066723530584607
5796,2014,8,30,12,30,1008,119,917,1.6236155033111572,28.183496093750023,14.406666338780779
5797,2014,8,30,13,30,982,118,911,2.188763380050659,27.342706298828148,18.48262236619675
5798,2014,8,30,14,30,884,113,889,2.7466588020324707,25.978997802734398,29.806999718897558
5799,2014,8,30,15,30,724,105,846,3.2381913661956787,24.355615234375023,42.954054295170685
5800,2014,8,30,16,30,516,92,770,3.4928135871887207,22.613732910156273,56.61549629999302
5801,2014,8,30,17,30,282,70,630,3.411839008331299,21.048638916015648,70.41871960641194
5802,2014,8,30,18,30,72,72,0,3.0896108150482178,19.991326904296894,84.18973332529306
5803,2014,8,30,19,30,0,0,0,2.8198952674865723,19.426568603515648,97.79237929618479
5804,2014,8,30,20,30,0,0,0,2.640829563140869,19.258691406250023,111.04562910178907
5805,2014,8,30,21,30,0,0,0,2.532548427581787,19.246087646484398,123.65127282423424
5806,2014,8,30,22,30,0,0,0,2.3456826210021973,19.067376708984398,135.0211370089095
5807,2014,8,30,23,30,0,0,0,2.079897165298462,18.849145507812523,143.93602629220015
5808,2014,8,31,0,30,0,0,0,1.8605794906616209,18.718194580078148,148.23685581895813
5809,2014,8,31,1,30,0,0,0,1.587127447128296,18.609582519531273,146.11197168650415
5810,2014,8,31,2,30,0,0,0,1.2893872261047363,18.553308105468773,138.5405691360277
5811,2014,8,31,3,30,0,0,0,0.9796017408370972,18.468103027343773,127.85198453247637
5812,2014,8,31,4,30,0,0,0,0.7309408783912659,18.325616455078148,115.59374535016596
5813,2014,8,31,5,30,0,0,0,0.5689160823822021,18.188531494140648,102.52718481478894
5814,2014,8,31,6,30,0,0,0,0.4619112312793732,18.537835693359398,89.02474700213871
5815,2014,8,31,7,30,199,61,542,0.5477890968322754,19.820092773437523,75.30562176118394
5816,2014,8,31,8,30,438,85,739,0.944387674331665,21.656884765625023,61.50809231337943
5817,2014,8,31,9,30,661,101,833,1.3705209493637085,23.447229003906273,47.789543214233944
5818,2014,8,31,10,30,840,111,884,1.6226048469543457,25.178430175781273,34.428548589030925
5819,2014,8,31,11,30,960,117,910,1.8148536682128904,26.801812744140648,22.252770334495377
5820,2014,8,31,12,30,1009,119,920,2.044382095336914,27.707971191406273,14.749012098063972
5821,2014,8,31,13,30,985,118,915,2.312219858169556,27.698754882812523,18.813511432638773
5822,2014,8,31,14,30,888,114,895,2.668705701828003,27.088769531250023,30.06297916803391
5823,2014,8,31,15,30,728,105,854,3.101099967956543,26.202813720703148,43.17441632174514
5824,2014,8,31,16,30,519,92,780,3.465014934539795,24.963006591796894,56.82175698560329
5825,2014,8,31,17,30,283,71,641,3.545972347259521,23.135034179687523,70.62250560346124
5826,2014,8,31,18,30,73,73,0,3.406101703643799,21.154229736328148,84.39892831933456
5827,2014,8,31,19,30,0,0,0,3.184900283813477,19.604882812500023,98.01403205767971
5828,2014,8,31,20,30,0,0,0,2.79353141784668,18.660028076171894,111.28733174914629
5829,2014,8,31,21,30,0,0,0,2.365354061126709,18.510797119140648,123.92241042056416
5830,2014,8,31,22,30,0,0,0,2.105379581451416,18.827325439453148,135.33238045904838
5831,2014,8,31,23,30,0,0,0,1.905287861824036,18.802148437500023,144.2908256642051
5832,2014,9,1,0,30,0,0,0,1.6216003894805908,18.407586669921894,148.60321543504298
5833,2014,9,1,1,30,0,0,0,1.4484630823135376,18.231378173828148,146.42198116189212
5834,2014,9,1,2,30,0,0,0,1.374227523803711,18.241021728515648,138.76797805367644
5835,2014,9,1,3,30,0,0,0,1.3350992202758791,17.872155761718773,128.01373876015742
5836,2014,9,1,4,30,0,0,0,1.502612829208374,17.468286132812526,115.7110880064721
5837,2014,9,1,5,30,0,0,0,1.7259328365325928,17.352716064453148,102.61562170778288
5838,2014,9,1,6,30,0,0,0,1.8562939167022705,17.692193603515648,89.09523115276899
5839,2014,9,1,7,30,201,62,553,1.8599841594696045,18.989739990234398,75.36715703488149
5840,2014,9,1,8,30,444,86,751,1.5155417919158936,21.575128173828148,61.569579709040134
5841,2014,9,1,9,30,668,101,844,0.9749445915222168,24.697320556640648,47.8630658864204
5842,2014,9,1,10,30,847,111,893,0.944771647453308,27.220941162109398,34.53594571493581
5843,2014,9,1,11,30,966,117,918,1.4296767711639404,28.816766357421894,22.443621810255227
5844,2014,9,1,12,30,1014,119,926,1.930985689163208,29.527490234375023,15.094561064344006
5845,2014,9,1,13,30,987,118,919,2.3473262786865234,29.598687744140648,19.148357721588866
5846,2014,9,1,14,30,889,114,898,2.6931254863739014,29.080743408203148,30.323448162562986
5847,2014,9,1,15,30,727,105,856,3.0055756568908687,27.930841064453148,43.39860989076044
5848,2014,9,1,16,30,517,92,781,3.2949681282043457,26.197137451171894,57.03121595092836
5849,2014,9,1,17,30,280,70,639,3.3928215503692627,23.907739257812523,70.82898476185004
5850,2014,9,1,18,30,72,72,0,3.2880876064300537,21.557946777343773,84.61041227336432
5851,2014,9,1,19,30,0,0,0,3.0428545475006104,19.878228759765648,98.2376582973478
5852,2014,9,1,20,30,0,0,0,2.6128644943237305,18.819726562500023,111.53077953844792
5853,2014,9,1,21,30,0,0,0,2.1787734031677246,18.476159667968773,124.19520532530822
5854,2014,9,1,22,30,0,0,0,1.948885798454285,18.730035400390648,135.6454575078013
5855,2014,9,1,23,30,0,0,0,1.7908893823623655,18.644891357421894,144.64795957145276
5856,2014,9,2,0,30,0,0,0,1.531381368637085,18.146813964843773,148.97180936911013
5857,2014,9,2,1,30,0,0,0,1.3589789867401123,17.924279785156273,146.7324674086916
5858,2014,9,2,2,30,0,0,0,1.395437717437744,17.907891845703148,138.99447419014348
5859,2014,9,2,3,30,0,0,0,1.5499346256256104,17.469842529296898,128.17424363377052
5860,2014,9,2,4,30,0,0,0,1.8364424705505369,16.663018798828148,115.82733102535242
5861,2014,9,2,5,30,0,0,0,2.1816940307617188,16.286401367187526,102.70328812420055
5862,2014,9,2,6,30,0,0,0,2.3135755062103267,17.460870361328148,89.16536521763454
5863,2014,9,2,7,30,156,93,249,2.1380343437194824,19.939965820312523,75.42885971977982
5864,2014,9,2,8,30,445,86,754,1.7639849185943604,22.762567138671894,61.631895004769724
5865,2014,9,2,9,30,670,101,847,1.3985410928726196,25.782281494140648,47.93832993394506
5866,2014,9,2,10,30,850,111,897,1.2391977310180664,28.460473632812523,34.64643935284414
5867,2014,9,2,11,30,968,117,922,1.3273975849151611,30.252374267578148,22.63926169219009
5868,2014,9,2,12,30,1016,120,930,1.6199204921722412,31.210595703125023,15.443198529974039
5869,2014,9,2,13,30,544,456,93,2.0653455257415767,31.477044677734398,19.486984591074123
5870,2014,9,2,14,30,489,410,91,2.7049126625061035,31.003045654296894,30.588270464393393
5871,2014,9,2,15,30,321,294,37,3.5506513118743896,29.420526123046894,43.626529389194715
5872,2014,9,2,16,30,109,109,0,4.238996505737306,26.529779052734398,57.24377529237626
5873,2014,9,2,17,30,94,94,0,4.31772518157959,23.270013427734398,71.03805791795544
5874,2014,9,2,18,30,14,14,0,3.838317394256592,20.929071044921894,84.82408048427827
5875,2014,9,2,19,30,0,0,0,3.24458384513855,19.896173095703148,98.46314569836386
5876,2014,9,2,20,30,0,0,0,2.703707695007324,19.464959716796894,111.77585050677372
5877,2014,9,2,21,30,0,0,0,2.25095009803772,19.153039550781273,124.46952555590396
5878,2014,9,2,22,30,0,0,0,1.9690749645233157,18.893090820312523,135.96023180716824
5879,2014,9,2,23,30,0,0,0,1.6594929695129397,18.427911376953148,145.00730781983503
5880,2014,9,3,0,30,0,0,0,1.2873332500457764,18.090631103515648,149.3425349495604
5881,2014,9,3,1,30,0,0,0,1.005241632461548,18.142938232421894,147.04330874142153
5882,2014,9,3,2,30,0,0,0,0.832785964012146,18.130151367187523,139.21996363416378
5883,2014,9,3,3,30,0,0,0,0.8141047358512878,18.089624023437523,128.33345119423464
5884,2014,9,3,4,30,0,0,0,0.9308807849884032,18.212884521484398,115.94246145882441
5885,2014,9,3,5,30,0,0,0,1.1014692783355713,18.352685546875023,102.79019558823202
5886,2014,9,3,6,30,0,0,0,1.362584948539734,18.710748291015648,89.23517862115155
5887,2014,9,3,7,30,4,4,0,1.6510303020477295,19.305200195312523,75.49077338536347
5888,2014,9,3,8,30,124,123,1,1.8406144380569456,19.969781494140648,61.695093160870115
5889,2014,9,3,9,30,105,105,0,1.9832741022109983,20.623712158203148,48.015397809633065
5890,2014,9,3,10,30,92,92,0,2.1157469749450684,21.080133056640648,34.760084919479816
5891,2014,9,3,11,30,257,237,21,2.2353084087371826,21.265374755859398,22.839666944907805
5892,2014,9,3,12,30,235,215,20,2.328179359436035,21.257775878906273,15.794809870808704
5893,2014,9,3,13,30,562,452,117,2.410350799560547,21.006829833984398,19.829217377643236
5894,2014,9,3,14,30,393,355,44,2.599523067474365,20.645562744140648,30.85730685033413
5895,2014,9,3,15,30,250,237,17,2.935776948928833,20.108972167968773,43.85806592614012
5896,2014,9,3,16,30,196,188,14,3.2719919681549072,19.269189453125023,57.459334314875356
5897,2014,9,3,17,30,69,69,0,3.4222893714904785,18.444055175781273,71.24962356370534
5898,2014,9,3,18,30,3,3,0,3.4111385345458984,17.990747070312523,85.03983054508711
5899,2014,9,3,19,30,0,0,0,3.395376920700073,17.922387695312523,98.69038017325188
5900,2014,9,3,20,30,0,0,0,3.382978200912476,17.925378417968773,112.0224210210544
5901,2014,9,3,21,30,0,0,0,3.3852601051330566,17.785821533203148,124.74523737247006
5902,2014,9,3,22,30,0,0,0,3.3270320892333984,17.454553222656273,136.27656502716482
5903,2014,9,3,23,30,0,0,0,3.149837017059326,17.143579101562526,145.36874870905925
5904,2014,9,4,0,30,0,0,0,3.029919147491455,16.959069824218773,149.7152892078991
5905,2014,9,4,1,30,0,0,0,3.0389060974121094,16.812585449218773,147.35438337373273
5906,2014,9,4,2,30,0,0,0,3.0785126686096187,16.641992187500026,139.4443544061082
5907,2014,9,4,3,30,0,0,0,3.1567060947418213,16.537316894531273,128.49131621832166
5908,2014,9,4,4,30,0,0,0,3.190104484558105,16.438256835937526,116.05646890953855
5909,2014,9,4,5,30,0,0,0,3.0449976921081543,16.221185302734398,102.87635770173256
5910,2014,9,4,6,30,0,0,0,2.791816711425781,16.197198486328148,89.30470230825114
5911,2014,9,4,7,30,6,6,0,2.613532066345215,16.641961669921898,75.55294249823939
5912,2014,9,4,8,30,42,42,0,2.548211574554444,17.871820068359398,61.759229233359996
5913,2014,9,4,9,30,40,40,0,2.5448133945465092,19.482263183593773,48.0943308208696
5914,2014,9,4,10,30,150,144,7,2.629960060119629,20.944696044921894,34.876934326302475
5915,2014,9,4,11,30,237,223,15,2.7765040397644043,22.117608642578148,23.044807902117586
5916,2014,9,4,12,30,171,162,9,2.9617948532104488,22.750360107421894,16.149280518122012
5917,2014,9,4,13,30,351,331,21,3.1788477897644043,22.862695312500023,20.174883403597928
5918,2014,9,4,14,30,432,389,49,3.4303188323974614,22.451623535156273,31.13041536432759
5919,2014,9,4,15,30,353,315,51,3.6081907749176025,21.639337158203148,44.093107482862685
5920,2014,9,4,16,30,281,235,86,3.5589513778686523,20.569085693359398,57.677789634463615
5921,2014,9,4,17,30,113,113,1,3.166163921356201,19.285211181640648,71.46357792967066
5922,2014,9,4,18,30,61,61,0,2.75414776802063,18.185296630859398,85.25754371820678
5923,2014,9,4,19,30,0,0,0,2.6522376537323,17.771264648437523,98.9192459332654
5924,2014,9,4,20,30,0,0,0,2.6318516731262207,17.721734619140648,112.27036584112771
5925,2014,9,4,21,30,0,0,0,2.523854255676269,17.638543701171898,125.02220532555314
5926,2014,9,4,22,30,0,0,0,2.442190408706665,17.625390625000023,136.59431686557136
5927,2014,9,4,23,30,0,0,0,2.433670997619629,17.628228759765648,145.73215901217128
5928,2014,9,5,0,30,0,0,0,2.397054672241211,17.489617919921898,150.08996890360842
5929,2014,9,5,1,30,0,0,0,2.320076704025269,17.315942382812526,147.6655694704481
5930,2014,9,5,2,30,0,0,0,2.218022346496582,17.221582031250026,139.66755655779647
5931,2014,9,5,3,30,0,0,0,2.0442552566528316,17.128228759765648,128.64779626191293
5932,2014,9,5,4,30,0,0,0,1.7898818254470823,16.967431640625026,116.16934552187254
5933,2014,9,5,5,30,0,0,0,1.4805707931518557,16.819543457031273,102.96179010275507
5934,2014,9,5,6,30,0,0,0,1.224125623703003,17.042291259765648,89.3739686802172
5935,2014,9,5,7,30,54,54,0,1.1817618608474731,17.868493652343773,75.61541233886877
5936,2014,9,5,8,30,273,207,139,1.3242610692977903,19.440942382812523,61.82435826895267
5937,2014,9,5,9,30,394,311,124,1.5518308877944946,21.168023681640648,48.17518899809181
5938,2014,9,5,10,30,568,390,217,1.8588932752609253,22.320489501953148,34.99703584280189
5939,2014,9,5,11,30,491,423,74,2.2408602237701416,23.061761474609398,23.254648421156745
5940,2014,9,5,12,30,516,444,75,2.655880928039551,23.23616943359377,16.506495931628123
5941,2014,9,5,13,30,513,437,80,3.0335512161254883,22.750543212890648,20.52381196913896
5942,2014,9,5,14,30,282,265,19,3.2638440132141118,21.980737304687523,31.40745156028041
5943,2014,9,5,15,30,323,293,41,3.275743007659912,21.203393554687523,44.33153906294471
5944,2014,9,5,16,30,167,165,4,3.0763659477233887,20.378320312500023,57.8990352822949
5945,2014,9,5,17,30,90,90,0,2.662874698638916,19.307061767578148,71.67981506966781
5946,2014,9,5,18,30,30,30,0,2.227574348449707,18.264123535156273,85.47711394453961
5947,2014,9,5,19,30,0,0,0,1.945217847824097,17.768029785156273,99.14962555876345
5948,2014,9,5,20,30,0,0,0,1.7904449701309204,17.811242675781273,112.51955818409138
5949,2014,9,5,21,30,0,0,0,1.6635260581970217,17.889276123046898,125.30029230540735
5950,2014,9,5,22,30,0,0,0,1.4486775398254397,17.744439697265648,136.91334505814672
5951,2014,9,5,23,30,0,0,0,1.2254514694213867,17.596826171875023,146.0974139521291
5952,2014,9,6,0,30,0,0,0,1.0614415407180786,17.414636230468773,150.46647054866958
5953,2014,9,6,1,30,0,0,0,0.9438210129737854,17.105218505859398,147.97674520212817
5954,2014,9,6,2,30,0,0,0,0.9531514644622804,16.773034667968773,139.88948227290916
5955,2014,9,6,3,30,0,0,0,1.1251938343048096,16.447473144531273,128.80285170031922
5956,2014,9,6,4,30,0,0,0,1.3415274620056152,16.094720458984398,116.28108596991976
5957,2014,9,6,5,30,0,0,0,1.4926247596740725,15.8524108886719,103.04651042150265
5958,2014,9,6,6,30,0,0,0,1.4609869718551636,16.655480957031273,89.44301152849863
5959,2014,9,6,7,30,194,61,538,1.1594475507736206,18.599237060546894,75.67822891678985
5960,2014,9,6,8,30,266,208,122,0.9181259274482728,20.873040771484398,61.89053519952387
5961,2014,9,6,9,30,402,314,132,1.1936075687408447,22.908074951171894,48.25803096480929
5962,2014,9,6,10,30,547,400,179,1.768831729888916,24.370080566406273,35.120433968138954
5963,2014,9,6,11,30,719,417,329,2.265843391418457,25.170404052734398,23.46914605174571
5964,2014,9,6,12,30,1002,120,922,2.6713290214538574,25.126153564453148,16.866341573587192
5965,2014,9,6,13,30,974,118,916,3.0068941116333012,24.465509033203148,20.8758343318123
5966,2014,9,6,14,30,874,114,894,3.240764141082764,23.472528076171894,31.688268735026192
5967,2014,9,6,15,30,711,105,850,3.326594829559326,22.321374511718773,44.57324284166885
5968,2014,9,6,16,30,499,91,772,3.232069253921509,21.110559082031273,58.12296280909806
5969,2014,9,6,17,30,262,68,624,2.9045169353485107,19.632257080078148,71.8982269459648
5970,2014,9,6,18,30,0,0,0,2.5467894077301025,18.250665283203148,85.69842915575353
5971,2014,9,6,19,30,0,0,0,2.3146719932556152,17.682092285156273,99.38140007103328
5972,2014,9,6,20,30,0,0,0,2.232452869415283,17.718530273437523,112.76986979044676
5973,2014,9,6,21,30,0,0,0,2.1846387386322017,17.628472900390648,125.57935959335205
5974,2014,9,6,22,30,0,0,0,2.0081949234008794,17.177301025390648,137.23350538961756
5975,2014,9,6,23,30,0,0,0,1.7826578617095947,16.689385986328148,146.4643871754865
5976,2014,9,7,0,30,0,0,0,1.5352919101715088,16.352441406250026,150.84469043178882
5977,2014,9,7,1,30,0,0,0,1.278371810913086,16.146966552734398,148.2877888020727
5978,2014,9,7,2,30,0,0,0,1.0263468027114868,16.055810546875026,140.1100459671147
5979,2014,9,7,3,30,0,0,0,0.8325684070587158,15.918481445312526,128.95644576472608
5980,2014,9,7,4,30,0,0,0,0.7696905136108398,15.70330200195315,116.39168744153437
5981,2014,9,7,5,30,0,0,0,0.8418738842010498,15.564843750000026,103.13053823320006
5982,2014,9,7,6,30,0,0,0,1.0305522680282593,16.017510986328148,89.5118659663171
5983,2014,9,7,7,30,194,61,539,1.3319404125213623,17.473382568359398,75.74143888443237
5984,2014,9,7,8,30,436,86,743,1.6574602127075195,19.584283447265648,61.95781473600931
5985,2014,9,7,9,30,659,101,839,1.9043161869049072,21.682458496093773,48.34291380892192
5986,2014,9,7,10,30,839,112,890,2.1147351264953613,23.433953857421894,35.24716931101729
5987,2014,9,7,11,30,957,117,916,2.3610405921936035,24.653497314453148,23.68825221707385
5988,2014,9,7,12,30,1005,120,926,2.6217832565307617,25.208703613281273,17.228702884346088
5989,2014,9,7,13,30,977,119,920,2.874497413635254,25.186822509765648,21.230783675572013
5990,2014,9,7,14,30,877,114,899,3.074769735336304,24.62239990234377,31.972718151210092
5991,2014,9,7,15,30,713,105,856,3.1697731018066406,23.652459716796894,44.81809831452603
5992,2014,9,7,16,30,500,91,778,3.1659975051879883,22.289758300781273,58.34946139054573
5993,2014,9,7,17,30,261,68,628,3.0105791091918945,20.399133300781273,72.11870351567143
5994,2014,9,7,18,30,0,0,0,2.8086538314819336,18.436944580078148,85.92137548889562
5995,2014,9,7,19,30,0,0,0,2.6268773078918457,17.093499755859398,99.6144490052755
5996,2014,9,7,20,30,0,0,0,2.4099650382995605,16.206719970703148,113.02117099181551
5997,2014,9,7,21,30,0,0,0,2.1682350635528564,15.8388610839844,125.8592669151034
5998,2014,9,7,22,30,0,0,0,1.884360790252685,16.032434082031273,137.5546517056
5999,2014,9,7,23,30,0,0,0,1.7375273704528809,16.299859619140648,146.83295072301442
6000,2014,9,8,0,30,0,0,0,1.7245452404022217,16.360131835937526,151.22452464231898
6001,2014,9,8,1,30,0,0,0,1.634575605392456,16.248834228515648,148.59857862613777
6002,2014,9,8,2,30,0,0,0,1.4125535488128662,16.069818115234398,140.3291643883565
6003,2014,9,8,3,30,0,0,0,1.1166319847106934,15.71441040039065,129.10854457522439
6004,2014,9,8,4,30,0,0,0,0.995807409286499,15.219628906250026,116.50114961904406
6005,2014,9,8,5,30,0,0,0,1.0590424537658691,14.8522888183594,103.21389500842123
6006,2014,9,8,6,30,0,0,0,1.0324817895889282,15.765405273437526,89.58056835833634
6007,2014,9,8,7,30,195,61,546,0.7630458474159241,17.943597412109398,75.80508944965607
6008,2014,9,8,8,30,439,86,751,0.5593110918998718,20.283990478515648,62.02625126186514
6009,2014,9,8,9,30,663,102,845,0.7475395798683167,22.418145751953148,48.42989295597005
6010,2014,9,8,10,30,840,112,893,1.097347617149353,24.125024414062523,35.37727847848657
6011,2014,9,8,11,30,956,118,916,1.40372896194458,25.336480712890648,23.91191240552585
6012,2014,9,8,12,30,999,120,922,1.67681884765625,25.98079833984377,17.59346525916959
6013,2014,9,8,13,30,878,342,575,1.9562748670578003,26.007287597656273,21.58849507141143
6014,2014,9,8,14,30,795,270,620,2.2687716484069824,25.465325927734398,32.26064924989977
6015,2014,9,8,15,30,520,318,285,2.5870399475097656,24.550256347656273,45.065982444425565
6016,2014,9,8,16,30,364,222,272,2.8020410537719727,23.309228515625023,58.57841793292141
6017,2014,9,8,17,30,253,67,611,2.7902328968048096,21.548242187500023,72.34113281778417
6018,2014,9,8,18,30,0,0,0,2.6624321937561035,19.628381347656273,86.1458373573859
6019,2014,9,8,19,30,0,0,0,2.5134334564208984,18.277032470703148,99.84865048489195
6020,2014,9,8,20,30,0,0,0,2.300667524337769,17.438073730468773,113.27333078045945
6021,2014,9,8,21,30,0,0,0,2.1057658195495605,17.263085937500026,126.13987249638977
6022,2014,9,8,22,30,0,0,0,2.0108084678649902,17.577478027343773,137.87663592573375
6023,2014,9,8,23,30,0,0,0,1.8802311420440676,17.500238037109398,147.20297499719877
6024,2014,9,9,0,30,0,0,0,1.569716215133667,17.088708496093773,151.60586909395832
6025,2014,9,9,1,30,0,0,0,1.2347160577774048,16.941339111328148,148.90899321543762
6026,2014,9,9,2,30,0,0,0,0.9582495093345642,17.000390625000026,140.5467567165326
6027,2014,9,9,3,30,0,0,0,0.6871190071105957,16.802117919921898,129.25911716987343
6028,2014,9,9,4,30,0,0,0,0.6196323037147522,16.375512695312526,116.6094746562047
6029,2014,9,9,5,30,0,0,0,0.8196463584899902,16.065759277343773,103.29660406049204
6030,2014,9,9,6,30,0,0,0,0.90916109085083,16.916314697265648,89.6491562482896
6031,2014,9,9,7,30,119,94,101,0.6303474307060242,19.010552978515648,75.8692282870017
6032,2014,9,9,8,30,429,85,735,0.4378196597099304,21.324029541015648,62.09589872631781
6033,2014,9,9,9,30,651,101,830,0.6451663374900818,23.475091552734398,48.51902204431081
6034,2014,9,9,10,30,828,111,880,0.9612435102462769,25.265130615234398,35.51079397364829
6035,2014,9,9,11,30,944,117,906,1.2696633338928225,26.541986083984398,24.14006637135188
6036,2014,9,9,12,30,989,119,914,1.5709668397903442,27.128411865234398,17.960514026605296
6037,2014,9,9,13,30,959,118,907,1.8469423055648804,26.948236083984398,21.948805431251174
6038,2014,9,9,14,30,858,113,883,2.1028602123260502,26.079217529296894,32.55190985279475
6039,2014,9,9,15,30,694,104,838,2.345534324645996,24.858270263671894,45.31676980722456
6040,2014,9,9,16,30,482,90,757,2.5323219299316406,23.507501220703148,58.80971717904618
6041,2014,9,9,17,30,247,67,602,2.5949835777282715,21.910638427734398,72.56540106097117
6042,2014,9,9,18,30,0,0,0,2.5791475772857666,20.431665039062523,86.37169752385469
6043,2014,9,9,19,30,0,0,0,2.49338436126709,19.532647705078148,100.0838812970824
6044,2014,9,9,20,30,0,0,0,2.375006675720215,19.254510498046894,113.5262168805708
6045,2014,9,9,21,30,0,0,0,2.2967000007629395,19.101953125000023,126.42103312092311
6046,2014,9,9,22,30,0,0,0,2.1930065155029297,18.681695556640648,138.19930805822008
6047,2014,9,9,23,30,0,0,0,2.0695137977600098,18.461206054687523,147.5743287265129
6048,2014,9,10,0,30,0,0,0,1.9303271770477293,18.319818115234398,151.98861954814888
6049,2014,9,10,1,30,0,0,0,1.70979905128479,17.971917724609398,149.21891136212358
6050,2014,9,10,2,30,0,0,0,1.5001776218414309,17.779656982421898,140.76274466262578
6051,2014,9,10,3,30,0,0,0,1.3858468532562256,17.771569824218773,129.40813552990414
6052,2014,9,10,4,30,0,0,0,1.2759075164794922,17.628717041015648,116.71666715165595
6053,2014,9,10,5,30,0,0,0,1.1356501579284668,17.491082763671898,103.37869049042786
6054,2014,9,10,6,30,0,0,0,1.0861724615097046,17.900262451171898,89.71766828490351
6055,2014,9,10,7,30,189,60,529,1.085290789604187,19.107202148437523,75.93390344795277
6056,2014,9,10,8,30,231,198,71,1.0771350860595703,20.786462402343773,62.166810537615355
6057,2014,9,10,9,30,351,299,78,1.098388910293579,22.79427490234377,48.61035280268732
6058,2014,9,10,10,30,601,380,272,1.1094354391098022,24.34456787109377,35.6477441028686
6059,2014,9,10,11,30,687,429,283,1.2030847072601318,24.852075195312523,24.37264834271717
6060,2014,9,10,12,30,992,119,919,1.465420484542847,24.712213134765648,18.329734428363885
6061,2014,9,10,13,30,963,118,913,1.7836039066314695,24.261499023437523,22.31155345661722
6062,2014,9,10,14,30,862,113,891,1.973524808883667,23.759545898437523,32.8463463540987
6063,2014,9,10,15,30,697,105,846,2.0486598014831543,23.180566406250023,45.570332735380326
6064,2014,9,10,16,30,484,90,765,2.1107206344604488,22.369409179687523,59.04324181432774
6065,2014,9,10,17,30,247,67,610,2.149835586547852,21.145013427734398,72.79139271197266
6066,2014,9,10,18,30,0,0,0,2.215862989425659,19.926660156250023,86.59883717489673
6067,2014,9,10,19,30,0,0,0,2.2803375720977783,19.126763916015648,100.32001696971129
6068,2014,9,10,20,30,0,0,0,2.3454713821411133,18.984063720703148,113.77969582152198
6069,2014,9,10,21,30,0,0,0,2.460770606994629,19.175286865234398,126.70260419103569
6070,2014,9,10,22,30,0,0,0,2.3948729038238525,19.070001220703148,138.5225162161508
6071,2014,9,10,23,30,0,0,0,2.1816892623901367,18.787774658203148,147.94687892641278
6072,2014,9,11,0,30,0,0,0,1.9237630367279053,18.502404785156273,152.3726716373254
6073,2014,9,11,1,30,0,0,0,1.591846942901611,18.294458007812523,149.528212178583
6074,2014,9,11,2,30,0,0,0,1.2785239219665527,18.131158447265648,140.97705256704108
6075,2014,9,11,3,30,0,0,0,1.0908704996109009,17.862268066406273,129.5555746008229
6076,2014,9,11,4,30,0,0,0,1.064619064331055,17.470727539062526,116.82273411871981
6077,2014,9,11,5,30,0,0,0,1.1494195461273191,17.089746093750026,103.4601811290526
6078,2014,9,11,6,30,0,0,0,1.1396772861480713,17.753747558593773,89.78614414583285
6079,2014,9,11,7,30,192,61,541,0.74696946144104,19.685662841796894,75.99916327011096
6080,2014,9,11,8,30,435,86,748,0.5755751729011536,21.890985107421894,62.23903945628589
6081,2014,9,11,9,30,659,102,844,0.9479011297225952,23.772485351562523,48.70393493039594
6082,2014,9,11,10,30,838,112,894,1.3389111757278442,24.986199951171894,35.78815289234742
6083,2014,9,11,11,30,955,118,920,1.6432074308395386,25.472314453125023,24.60958723528957
6084,2014,9,11,12,30,1000,120,929,1.9454586505889893,25.308404541015648,18.70101160066009
6085,2014,9,11,13,30,970,119,922,2.222139835357666,24.639550781250023,22.67657958346241
6086,2014,9,11,14,30,867,114,899,2.4151387214660645,23.681176757812523,33.1438039020998
6087,2014,9,11,15,30,545,302,349,2.5630481243133545,22.53890380859377,45.82654145940672
6088,2014,9,11,16,30,431,163,525,2.702329158782959,21.240197753906273,59.27887257271308
6089,2014,9,11,17,30,238,73,562,2.6741628646850586,19.982446289062523,73.01899058458055
6090,2014,9,11,18,30,0,0,0,2.5096826553344727,19.128625488281273,86.82713599767881
6091,2014,9,11,19,30,0,0,0,2.3177528381347656,18.818933105468773,100.55693184946179
6092,2014,9,11,20,30,0,0,0,2.100185871124268,18.461785888671894,114.03363301298832
6093,2014,9,11,21,30,0,0,0,1.943917751312256,18.152764892578148,126.98443979092713
6094,2014,9,11,22,30,0,0,0,1.819669246673584,18.098901367187523,138.84610663573085
6095,2014,9,11,23,30,0,0,0,1.5897679328918457,17.770257568359398,148.3204908568787
6096,2014,9,12,0,30,0,0,0,1.2934901714324951,17.409814453125026,152.7579208879286
6097,2014,9,12,1,30,0,0,0,1.0413280725479126,17.296868896484398,149.83677517004352
6098,2014,9,12,2,30,0,0,0,0.7849853038787842,17.146630859375026,141.18960749669844
6099,2014,9,12,3,30,0,0,0,0.5704716444015503,16.907464599609398,129.70141230936753
6100,2014,9,12,4,30,0,0,0,0.5596438646316528,16.657525634765648,116.92768495179828
6101,2014,9,12,5,30,0,0,0,0.7351641058921814,16.570489501953148,103.54110447685035
6102,2014,9,12,6,30,0,0,0,0.875045895576477,17.060296630859398,89.85462446012369
6103,2014,9,12,7,30,188,60,530,0.8649898767471313,18.292443847656273,76.06505628552553
6104,2014,9,12,8,30,428,86,736,0.9338461756706238,20.134729003906273,62.312637488684025
6105,2014,9,12,9,30,649,101,831,1.2340893745422363,22.060266113281273,48.79981598022407
6106,2014,9,12,10,30,825,111,881,1.5907621383666992,23.273187255859398,35.93204001451033
6107,2014,9,12,11,30,391,358,35,1.8907761573791504,23.708276367187523,24.850806870331112
6108,2014,9,12,12,30,406,372,35,2.1729421615600586,23.672601318359398,19.074230557225828
6109,2014,9,12,13,30,547,446,109,2.4277329444885254,23.162622070312523,23.043725924123176
6110,2014,9,12,14,30,755,277,573,2.6254868507385254,22.330957031250023,33.44412657055977
6111,2014,9,12,15,30,435,327,156,2.8054523468017583,21.450433349609398,46.08526424687153
6112,2014,9,12,16,30,292,225,132,2.9264848232269287,20.472009277343773,59.51648834236967
6113,2014,9,12,17,30,171,112,203,2.855304718017578,19.263360595703148,73.24807592895449
6114,2014,9,12,18,30,0,0,0,2.7385852336883545,18.253717041015648,87.05647225870895
6115,2014,9,12,19,30,0,0,0,2.722937822341919,17.833978271484398,100.7944991814505
6116,2014,9,12,20,30,0,0,0,2.673210859298706,17.780206298828148,114.28789282226948
6117,2014,9,12,21,30,0,0,0,2.594036817550659,17.768243408203148,127.26639275311051
6118,2014,9,12,22,30,0,0,0,2.489623069763184,17.627740478515648,139.16992369704872
6119,2014,9,12,23,30,0,0,0,2.4223618507385254,17.309503173828148,148.6950279766048
6120,2014,9,13,0,30,0,0,0,2.3621058464050293,16.900476074218773,153.14426274329662
6121,2014,9,13,1,30,0,0,0,2.198016166687012,16.491693115234398,150.14448031094804
6122,2014,9,13,2,30,0,0,0,1.961150050163269,16.116479492187526,141.4003393407443
6123,2014,9,13,3,30,0,0,0,1.7785470485687256,15.79851684570315,129.84562957604348
6124,2014,9,13,4,30,0,0,0,1.7676279544830322,15.501550292968775,117.03153138891771
6125,2014,9,13,5,30,0,0,0,1.8558971881866453,15.19487915039065,103.62149064098813
6126,2014,9,13,6,30,0,0,0,1.9778928756713867,15.594079589843775,89.92315072885725
6127,2014,9,13,7,30,126,92,144,2.1577296257019043,17.011010742187526,76.1316311282537
6128,2014,9,13,8,30,290,203,187,2.4067583084106445,18.775598144531273,62.38765578097069
6129,2014,9,13,9,30,450,305,221,2.647287130355835,20.505090332031273,48.898041244538
6130,2014,9,13,10,30,644,345,369,2.8303089141845703,21.994897460937523,36.07942072407038
6131,2014,9,13,11,30,553,441,122,2.9782531261444087,23.035150146484398,25.09622619521325
6132,2014,9,13,12,30,669,457,223,3.146888256072998,23.54671630859377,19.449276173726773
6133,2014,9,13,13,30,532,441,99,3.3599758148193364,23.518914794921894,23.412836207647786
6134,2014,9,13,14,30,385,348,43,3.56445837020874,22.989862060546894,33.74715752027281
6135,2014,9,13,15,30,391,320,103,3.7025208473205566,22.102655029296894,46.346367538893105
6136,2014,9,13,16,30,256,217,77,3.661052227020264,20.927575683593773,59.75596627110761
6137,2014,9,13,17,30,117,109,26,3.4063434600830083,19.488000488281273,73.47852852155916
6138,2014,9,13,18,30,0,0,0,3.172914981842041,18.394921875000023,87.28672288466473
6139,2014,9,13,19,30,0,0,0,3.053138017654419,17.974603271484398,101.03259119015995
6140,2014,9,13,20,30,0,0,0,3.076517343521118,17.770410156250023,114.5423386536987
6141,2014,9,13,21,30,0,0,0,3.206221580505371,17.589379882812526,127.54831472787285
6142,2014,9,13,22,30,0,0,0,3.3154098987579346,17.373162841796898,139.49380994743277
6143,2014,9,13,23,30,0,0,0,3.4474315643310547,17.162500000000026,149.07035189359277
6144,2014,9,14,0,30,0,0,0,3.5597481727600098,16.979455566406273,153.53159258639056
6145,2014,9,14,1,30,0,0,0,3.5929639339447017,16.758874511718773,150.45120812519562
6146,2014,9,14,2,30,0,0,0,3.613218069076538,16.607263183593773,141.6091809045074
6147,2014,9,14,3,30,0,0,0,3.5921170711517334,16.449822998046898,129.98821032337014
6148,2014,9,14,4,30,0,0,0,3.4858913421630864,16.134759521484398,117.13428747110716
6149,2014,9,14,5,30,0,0,0,3.3187444210052486,15.818994140625026,103.70137127030937
6150,2014,9,14,6,30,0,0,0,3.1202516555786133,15.7265563964844,89.99176524438528
6151,2014,9,14,7,30,12,12,0,3.0447487831115723,16.164178466796898,76.19893644119195
6152,2014,9,14,8,30,203,183,42,3.077265977859497,16.989038085937526,62.46414451356071
6153,2014,9,14,9,30,167,162,8,3.0794553756713867,18.070855712890648,48.99865364462789
6154,2014,9,14,10,30,395,351,54,3.068424701690674,19.432916259765648,36.23030580397676
6155,2014,9,14,11,30,333,310,26,3.1081762313842773,20.682061767578148,25.345759505597886
6156,2014,9,14,12,30,506,436,73,3.227025985717773,21.470269775390648,19.826033173805822
6157,2014,9,14,13,30,196,183,14,3.4321179389953613,21.707574462890648,23.783755719091214
6158,2014,9,14,14,30,585,395,229,3.714814186096192,21.445428466796894,34.0527391509264
6159,2014,9,14,15,30,481,315,241,3.955945730209351,20.701715087890648,46.609716083877174
6160,2014,9,14,16,30,308,221,173,4.0054473876953125,19.599237060546894,59.997181871338704
6161,2014,9,14,17,30,170,107,225,3.673653364181519,18.207940673828148,73.71022675532471
6162,2014,9,14,18,30,0,0,0,3.199415683746338,17.193139648437526,87.51776354526297
6163,2014,9,14,19,30,0,0,0,2.9428889751434326,16.991937255859398,101.27107916173564
6164,2014,9,14,20,30,0,0,0,2.746124505996704,16.856347656250026,114.79683303024936
6165,2014,9,14,21,30,0,0,0,2.449724674224853,16.628411865234398,127.8300562561227
6166,2014,9,14,22,30,0,0,0,2.1573529243469243,16.566583251953148,139.8176061279095
6167,2014,9,14,23,30,0,0,0,1.8945794105529783,16.344049072265648,149.44632231216013
6168,2014,9,15,0,30,0,0,0,1.5888748168945312,16.068780517578148,153.91980576244023
6169,2014,9,15,1,30,0,0,0,1.2603082656860352,15.976586914062526,150.7568397705444
6170,2014,9,15,2,30,0,0,0,0.8927792310714722,15.7988220214844,141.81606800150033
6171,2014,9,15,3,30,0,0,0,0.6014915704727173,15.630029296875026,130.1291414796013
6172,2014,9,15,4,30,0,0,0,0.461432158946991,15.5357604980469,117.23596949809702
6173,2014,9,15,5,30,0,0,0,0.443438708782196,15.241845703125026,103.78077948775444
6174,2014,9,15,6,30,0,0,0,0.4392651319503784,15.57537231445315,90.0605110081453
6175,2014,9,15,7,30,186,60,532,0.4359186887741089,17.125421142578148,76.26702078248984
6176,2014,9,15,8,30,428,86,742,0.6405969858169556,19.187982177734398,62.54215279655242
6177,2014,9,15,9,30,507,283,343,0.9380526542663574,21.131219482421894,49.10169362376672
6178,2014,9,15,10,30,537,395,176,1.1498368978500366,22.758477783203148,36.38470152133135
6179,2014,9,15,11,30,940,117,912,1.311840534210205,24.087854003906273,25.599316667712326
6180,2014,9,15,12,30,793,363,457,1.4573954343795776,24.967156982421894,20.204386116587614
6181,2014,9,15,13,30,949,118,911,1.6311988830566406,25.251855468750023,24.15633123861764
6182,2014,9,15,14,30,844,113,885,1.9168190956115725,24.936822509765648,34.36071324361071
6183,2014,9,15,15,30,676,104,837,2.3458456993103027,24.058312988281273,46.87517306830794
6184,2014,9,15,16,30,283,220,127,2.793668270111084,22.67855224609377,60.24000912439532
6185,2014,9,15,17,30,225,64,582,3.0029072761535645,20.987298583984398,73.94304773005507
6186,2014,9,15,18,30,0,0,0,2.9426510334014893,19.608544921875023,87.74946873846343
6187,2014,9,15,19,30,0,0,0,2.731815814971924,18.846520996093773,101.50983352777928
6188,2014,9,15,20,30,0,0,0,2.443478584289551,18.416253662109398,115.05123767752356
6189,2014,9,15,21,30,0,0,0,2.209848403930664,18.235559082031273,128.11146684590017
6190,2014,9,15,22,30,0,0,0,2.1088171005249023,18.231103515625023,140.14115120323305
6191,2014,9,15,23,30,0,0,0,2.0636661052703857,17.983941650390648,149.82279697636363
6192,2014,9,16,0,30,0,0,0,1.9618984460830688,17.641687011718773,154.3087976015085
6193,2014,9,16,1,30,0,0,0,1.8488315343856807,17.583032226562526,151.06125712724082
6194,2014,9,16,2,30,0,0,0,1.689223051071167,17.453881835937526,142.0209395429245
6195,2014,9,16,3,30,0,0,0,1.473540186882019,17.259942626953148,130.26841297773646
6196,2014,9,16,4,30,0,0,0,1.3345030546188354,17.210107421875026,117.33659598057501
6197,2014,9,16,5,30,0,0,0,1.2858351469039917,17.205682373046898,103.85974982063759
6198,2014,9,16,6,30,0,0,0,1.261372447013855,17.379327392578148,90.12943164708688
6199,2014,9,16,7,30,182,59,518,1.2582807540893557,18.062371826171894,76.3359325314552
6200,2014,9,16,8,30,421,85,729,1.3983395099639893,19.210382080078148,62.62172856585343
6201,2014,9,16,9,30,186,179,10,1.6268060207366943,20.714501953125023,49.207199043962575
6202,2014,9,16,10,30,647,341,380,1.7805125713348389,22.115289306640648,36.54260959300869
6203,2014,9,16,11,30,557,441,128,1.9006688594818115,23.075494384765648,25.856803339646987
6204,2014,9,16,12,30,591,462,138,2.0609097480773926,23.73153076171877,20.58421938568442
6205,2014,9,16,13,30,942,118,905,2.2787728309631348,23.894036865234398,24.53041098102092
6206,2014,9,16,14,30,787,229,678,2.4974818229675293,23.533715820312523,34.67092109433342
6207,2014,9,16,15,30,600,203,583,2.6726832389831543,22.773706054687523,47.14260024465284
6208,2014,9,16,16,30,457,89,747,2.7814767360687256,21.617242431640648,60.48432058432334
6209,2014,9,16,17,30,186,93,340,2.7260024547576904,20.054406738281273,74.17686734328106
6210,2014,9,16,18,30,0,0,0,2.5432167053222656,18.748406982421894,87.98171187787445
6211,2014,9,16,19,30,0,0,0,2.303943634033203,18.152276611328148,101.74872395056127
6212,2014,9,16,20,30,0,0,0,2.0968465805053706,17.991021728515648,115.30541361009828
6213,2014,9,16,21,30,0,0,0,2.0154826641082764,17.961999511718773,128.39239505260318
6214,2014,9,16,22,30,0,0,0,1.936704158782959,17.760614013671898,140.4642823957875
6215,2014,9,16,23,30,0,0,0,1.730501413345337,17.444207763671898,150.19963160972685
6216,2014,9,17,0,30,0,0,0,1.531247615814209,17.370080566406273,154.6984634410081
6217,2014,9,17,1,30,0,0,0,1.4585578441619873,17.413903808593773,151.36434289112566
6218,2014,9,17,2,30,0,0,0,1.3501718044281006,17.234918212890648,142.22373762459543
6219,2014,9,17,3,30,0,0,0,1.2246636152267456,17.063439941406273,130.4060177499783
6220,2014,9,17,4,30,0,0,0,1.1644245386123655,17.022302246093773,117.43618758918423
6221,2014,9,17,5,30,0,0,0,1.152538537979126,16.916467285156273,103.9383181287562
6222,2014,9,17,6,30,0,0,0,1.1463207006454468,17.198114013671898,90.19857132885805
6223,2014,9,17,7,30,128,89,162,1.1704339981079102,18.484277343750023,76.40571979412104
6224,2014,9,17,8,30,420,85,731,1.30116868019104,20.525476074218773,62.7029184804652
6225,2014,9,17,9,30,641,101,828,1.4240820407867432,22.54232177734377,49.31520508681726
6226,2014,9,17,10,30,816,111,879,1.4823282957077026,24.213586425781273,36.704027161226726
6227,2014,9,17,11,30,929,117,905,1.5656869411468506,25.421563720703148,26.1181211907764
6228,2014,9,17,12,30,971,119,913,1.75343918800354,25.712640380859398,20.96541717970699
6229,2014,9,17,13,30,639,442,217,2.0332236289978027,25.176629638671894,24.905844536135437
6230,2014,9,17,14,30,834,112,881,2.3142318725585938,24.310510253906273,34.98320363896092
6231,2014,9,17,15,30,667,103,833,2.4937419891357417,23.365014648437523,47.41185805623111
6232,2014,9,17,16,30,453,88,745,2.5348796844482417,22.345483398437523,60.72998748089822
6233,2014,9,17,17,30,217,63,576,2.486312866210937,21.182885742187523,74.41156038117647
6234,2014,9,17,18,30,0,0,0,2.3603148460388184,20.185968017578148,88.21436538235321
6235,2014,9,17,19,30,0,0,0,2.183086395263672,19.557702636718773,101.98761940971096
6236,2014,9,17,20,30,0,0,0,2.0365474224090576,18.921380615234398,115.55922122038031
6237,2014,9,17,21,30,0,0,0,2.0337779521942143,18.596124267578148,128.67268856326223
6238,2014,9,17,22,30,0,0,0,2.067748546600342,18.836328125000023,140.78683522391933
6239,2014,9,17,23,30,0,0,0,1.9886674880981443,18.873345947265648,150.57667985128433
6240,2014,9,18,0,30,0,0,0,1.8225324153900144,18.694665527343773,155.0886986482165
6241,2014,9,18,1,30,0,0,0,1.624291181564331,18.667199707031273,151.66598067150903
6242,2014,9,18,2,30,0,0,0,1.3690065145492554,18.496270751953148,142.42440761083816
6243,2014,9,18,3,30,0,0,0,1.0805997848510742,18.348840332031273,130.54195171740776
6244,2014,9,18,4,30,0,0,0,0.8291960358619691,18.397302246093773,117.53476710006277
6245,2014,9,18,5,30,0,0,0,0.666998565196991,18.392968750000023,104.01652153035809
6246,2014,9,18,6,30,0,0,0,0.7156642079353333,18.845788574218773,90.26797467592331
6247,2014,9,18,7,30,94,84,39,0.8562688827514648,20.410882568359398,76.47643030883087
6248,2014,9,18,8,30,218,190,61,0.8834537267684937,22.408929443359398,62.78576782118185
6249,2014,9,18,9,30,333,289,68,0.8458333015441895,23.979180908203148,49.425744158686285
6250,2014,9,18,10,30,815,111,880,0.917194962501526,24.893975830078148,36.86894677864903
6251,2014,9,18,11,30,928,116,906,1.1361112594604492,25.039025878906273,26.383168118150397
6252,2014,9,18,12,30,971,119,914,1.3999837636947632,24.963861083984398,21.347863504153334
6253,2014,9,18,13,30,938,117,907,1.5741479396820068,24.965936279296894,25.282482810569352
6254,2014,9,18,14,30,834,112,883,1.530139684677124,24.732293701171894,35.2974015698275
6255,2014,9,18,15,30,666,103,836,1.3004344701766968,24.281488037109398,47.682805758886936
6256,2014,9,18,16,30,451,88,748,1.1081920862197876,23.624475097656273,60.976879821843205
6257,2014,9,18,17,30,215,62,577,1.1580448150634766,22.430047607421894,74.64700060977708
6258,2014,9,18,18,30,0,0,0,1.35613751411438,21.111383056640648,88.44730076810131
6259,2014,9,18,19,30,0,0,0,1.4967423677444458,20.211877441406273,102.22638829055384
6260,2014,9,18,20,30,0,0,0,1.5966684818267822,19.894738769531273,115.81252037005189
6261,2014,9,18,21,30,0,0,0,1.6663312911987305,20.009149169921894,128.9521942850587
6262,2014,9,18,22,30,0,0,0,1.7717736959457395,20.134118652343773,141.10864354519572
6263,2014,9,18,23,30,0,0,0,1.871309518814087,20.241296386718773,150.9537931880148
6264,2014,9,19,0,30,0,0,0,1.830080270767212,20.239862060546894,155.479398642786
6265,2014,9,19,1,30,0,0,0,1.6835989952087402,20.036981201171894,151.96605509368482
6266,2014,9,19,2,30,0,0,0,1.5465914011001587,19.708428955078148,142.6228982148636
6267,2014,9,19,3,30,0,0,0,1.5603349208831787,19.324395751953148,130.6762137748198
6268,2014,9,19,4,30,0,0,0,1.7211147546768188,18.874505615234398,117.63235933717807
6269,2014,9,19,5,30,0,0,0,1.9306458234786987,18.556756591796894,104.09439832624844
6270,2014,9,19,6,30,0,0,0,2.079788446426392,18.893457031250023,90.33768667851822
6271,2014,9,19,7,30,120,89,136,2.040976285934448,19.792840576171894,76.54811135145864
6272,2014,9,19,8,30,416,84,727,1.8818786144256592,21.014123535156273,62.87032039042028
6273,2014,9,19,9,30,427,305,189,1.867823362350464,22.710412597656273,49.538845800137956
6274,2014,9,19,10,30,812,110,879,1.904746174812317,24.67440185546877,37.03735640305603
6275,2014,9,19,11,30,926,116,905,1.8166751861572263,26.38607177734377,26.65183845923084
6276,2014,9,19,12,30,967,118,914,1.6087052822113037,27.097955322265648,21.73144216477237
6277,2014,9,19,13,30,934,117,906,1.2364192008972168,27.271173095703148,25.66017797119308
6278,2014,9,19,14,30,828,112,881,0.7579274177551271,27.176812744140648,35.61335544470808
6279,2014,9,19,15,30,322,287,52,0.7871218919754028,26.340203857421894,47.955301539758864
6280,2014,9,19,16,30,217,196,44,1.5579159259796145,24.828546142578148,61.22486649436889
6281,2014,9,19,17,30,102,98,13,2.2534282207489014,22.872491455078148,74.88306086634667
6282,2014,9,19,18,30,0,0,0,2.432286739349365,21.232781982421894,88.68038874278095
6283,2014,9,19,19,30,0,0,0,2.3013508319854736,20.271173095703148,102.46489847373897
6284,2014,9,19,20,30,0,0,0,2.1479451656341557,20.040765380859398,116.06517048407405
6285,2014,9,19,21,30,0,0,0,2.0247561931610107,20.236779785156273,129.23075843821556
6286,2014,9,19,22,30,0,0,0,1.948595762252808,20.307794189453148,141.42953960499392
6287,2014,9,19,23,30,0,0,0,1.957979440689087,20.227471923828148,151.3308208835523
6288,2014,9,20,0,30,0,0,0,1.9051464796066284,20.076928710937523,155.87045891933158
6289,2014,9,20,1,30,0,0,0,1.8756561279296875,19.926263427734398,152.26445190661752
6290,2014,9,20,2,30,0,0,0,1.827128767967224,19.783654785156273,142.81916157563228
6291,2014,9,20,3,30,0,0,0,1.5934321880340576,19.584619140625023,130.8088057707858
6292,2014,9,20,4,30,0,0,0,1.2466354370117188,19.241174316406273,117.72899111150251
6293,2014,9,20,5,30,0,0,0,0.9484811425209044,18.793115234375023,104.17198792190788
6294,2014,9,20,6,30,0,0,0,0.8007704019546509,18.995111083984398,90.40775260682
6295,2014,9,20,7,30,87,81,27,0.6478145122528076,20.043939208984398,76.62080964108227
6296,2014,9,20,8,30,334,179,341,0.5633296370506287,21.342431640625023,62.956618414033606
6297,2014,9,20,9,30,554,208,533,0.8089383840560913,22.426293945312523,49.654536600288075
6298,2014,9,20,10,30,619,352,335,1.190049648284912,23.043572998046894,37.20923940136233
6299,2014,9,20,11,30,652,424,255,1.348920822143555,23.309777832031273,26.92402320015213
6300,2014,9,20,12,30,538,446,100,1.2593986988067627,23.244195556640648,22.11603676227445
6301,2014,9,20,13,30,740,372,410,1.084904432296753,22.921441650390648,26.038783390523662
6302,2014,9,20,14,30,643,348,363,0.925526201725006,22.503900146484398,35.93090578821135
6303,2014,9,20,15,30,439,311,191,0.8215363025665283,22.018304443359398,48.229202632707654
6304,2014,9,20,16,30,362,180,382,0.8440245389938354,21.437310791015648,61.47381536563306
6305,2014,9,20,17,30,140,101,148,0.9370176792144777,20.679193115234398,75.11961315084567
6306,2014,9,20,18,30,0,0,0,0.971793532371521,19.928247070312523,88.91349930218189
6307,2014,9,20,19,30,0,0,0,0.9677060842514038,19.418542480468773,102.70301742667463
6308,2014,9,20,20,30,0,0,0,1.0496789216995241,19.068170166015648,116.31703064747059
6309,2014,9,20,21,30,0,0,0,1.2158414125442505,19.007073974609398,129.50822665353428
6310,2014,9,20,22,30,0,0,0,1.3391733169555664,19.128411865234398,141.74935409110816
6311,2014,9,20,23,30,0,0,0,1.4355707168579102,19.157739257812523,151.7076099033869
6312,2014,9,21,0,30,0,0,0,1.5395369529724119,19.164971923828148,156.26177507006798
6313,2014,9,21,1,30,0,0,0,1.6014139652252195,19.175653076171894,152.56105809559912
6314,2014,9,21,2,30,0,0,0,1.5926454067230225,19.175744628906273,143.01315333043812
6315,2014,9,21,3,30,0,0,0,1.512903928756714,19.154321289062523,130.93973248280028
6316,2014,9,21,4,30,0,0,0,1.3778550624847412,19.081262207031273,117.82469115702659
6317,2014,9,21,5,30,0,0,0,1.1847882270812988,19.042871093750023,104.24933074788572
6318,2014,9,21,6,30,0,0,0,0.9607827663421632,19.283654785156273,90.47821792220891
6319,2014,9,21,7,30,90,82,34,0.7337211370468141,19.823480224609398,76.69457124559825
6320,2014,9,21,8,30,201,181,45,0.5837942361831665,20.721826171875023,63.04470244459353
6321,2014,9,21,9,30,266,246,30,0.583501935005188,21.769433593750023,49.77284011581146
6322,2014,9,21,10,30,495,383,141,0.6928962469100952,22.469018554687523,37.38457456268642
6323,2014,9,21,11,30,508,423,95,0.8355271816253662,22.868646240234398,27.19961017900998
6324,2014,9,21,12,30,427,385,44,0.9809603691101074,23.046807861328148,22.501530688435093
6325,2014,9,21,13,30,695,400,328,1.1592729091644287,22.966760253906273,26.418153594395623
6326,2014,9,21,14,30,690,276,513,1.498025894165039,22.549005126953148,36.24989318637934
6327,2014,9,21,15,30,491,288,305,1.938797235488892,21.797662353515648,48.50436543083958
6328,2014,9,21,16,30,393,144,526,2.280275583267212,20.862573242187523,61.72359338250146
6329,2014,9,21,17,30,131,100,122,2.4077155590057373,20.016656494140648,75.35652871763398
6330,2014,9,21,18,30,0,0,0,2.3561007976531982,19.613763427734398,89.14650182907087
6331,2014,9,21,19,30,0,0,0,2.371457576751709,19.532037353515648,102.94061229645031
6332,2014,9,21,20,30,0,0,0,2.4203660488128658,19.456750488281273,116.56795970488191
6333,2014,9,21,21,30,0,0,0,2.421544551849365,19.374688720703148,129.78444407484716
6334,2014,9,21,22,30,0,0,0,2.3791029453277592,19.274224853515648,142.06791619490272
6335,2014,9,21,23,30,0,0,0,2.2293260097503658,19.123010253906273,152.08400483659932
6336,2014,9,22,0,30,0,0,0,2.04826021194458,19.008843994140648,156.65324280758563
6337,2014,9,22,1,30,0,0,0,1.889882445335388,18.944635009765648,152.85576200020006
6338,2014,9,22,2,30,0,0,0,1.6736210584640503,18.899804687500023,143.2048326831181
6339,2014,9,22,3,30,0,0,0,1.3502758741378784,18.835473632812523,131.0690015875378
6340,2014,9,22,4,30,0,0,0,1.0150752067565918,18.713891601562523,117.91949006369836
6341,2014,9,22,5,30,0,0,0,0.9013419151306152,18.607659912109398,104.32646817837947
6342,2014,9,22,6,30,0,0,0,1.1432617902755735,18.821801757812523,90.54912818773263
6343,2014,9,22,7,30,173,57,506,1.698799729347229,19.496148681640648,76.76944148772061
6344,2014,9,22,8,30,409,83,722,2.251318454742432,20.493737792968773,63.13461126677069
6345,2014,9,22,9,30,466,287,277,2.600043773651123,21.576623535156273,49.893776794996455
6346,2014,9,22,10,30,627,339,364,2.82815933227539,22.555688476562523,37.563336120245225
6347,2014,9,22,11,30,738,344,444,2.9773435592651367,23.213525390625023,27.478484283467502
6348,2014,9,22,12,30,249,231,20,3.165959596633911,23.248803710937523,22.88780712352045
6349,2014,9,22,13,30,794,308,544,3.4105420112609863,22.718041992187523,26.79814421204765
6350,2014,9,22,14,30,730,250,598,3.631659984588623,21.992913818359398,36.570158374742384
6351,2014,9,22,15,30,470,296,264,3.750925540924072,21.345117187500023,48.78064559593577
6352,2014,9,22,16,30,274,206,144,3.662828922271729,20.631127929687523,61.97406667034755
6353,2014,9,22,17,30,178,75,412,3.457050323486328,19.754418945312523,75.5936781672554
6354,2014,9,22,18,30,0,0,0,3.34499454498291,19.036523437500023,89.37926519428706
6355,2014,9,22,19,30,0,0,0,3.3432440757751465,18.656457519531273,103.17755000438744
6356,2014,9,22,20,30,0,0,0,3.331719160079956,18.391198730468773,116.81781636294242
6357,2014,9,22,21,30,0,0,0,3.219207286834717,18.119195556640648,130.05925546642922
6358,2014,9,22,22,30,0,0,0,3.0372281074523926,17.920678710937523,142.38505367952197
6359,2014,9,22,23,30,0,0,0,2.8612256050109863,17.801965332031273,152.45984781422987
6360,2014,9,23,0,30,0,0,0,2.710411071777344,17.681176757812523,157.04475798776838
6361,2014,9,23,1,30,0,0,0,2.586199998855591,17.517175292968773,153.14845343758816
6362,2014,9,23,2,30,0,0,0,2.458596706390381,17.357720947265648,143.39416246746745
6363,2014,9,23,3,30,0,0,0,2.3122823238372803,17.197229003906273,131.1966236261959
6364,2014,9,23,4,30,0,0,0,2.183492660522461,16.957147216796898,118.0134202074629
6365,2014,9,23,5,30,0,0,0,2.0828294754028316,16.627984619140648,104.40344244834358
6366,2014,9,23,6,30,0,0,0,2.0448470115661617,16.605218505859398,90.6210521472381
6367,2014,9,23,7,30,106,87,83,2.146676778793335,17.557458496093773,76.8454648515788
6368,2014,9,23,8,30,250,199,114,2.220116138458252,19.318078613281273,63.226381804814814
6369,2014,9,23,9,30,216,207,15,2.13290810585022,21.162896728515648,50.01736390692689
6370,2014,9,23,10,30,423,366,71,2.0328264236450195,22.794854736328148,37.745493781753346
6371,2014,9,23,11,30,357,332,28,2.023424863815308,24.047509765625023,27.760527642441374
6372,2014,9,23,12,30,642,460,197,2.1415657997131348,24.731347656250023,23.274749035048412
6373,2014,9,23,13,30,349,325,26,2.382221221923828,24.814263916015648,27.178611928734576
6374,2014,9,23,14,30,629,363,332,2.718630790710449,24.284661865234398,36.8915423202526
6375,2014,9,23,15,30,431,311,183,3.080582618713379,23.163110351562523,49.057898164832544
6376,2014,9,23,16,30,436,85,754,3.3167834281921387,21.618127441406273,62.22510063091039
6377,2014,9,23,17,30,199,58,574,3.199641704559326,19.757135009765648,75.830931538386
6378,2014,9,23,18,30,0,0,0,2.868366241455078,18.132501220703148,89.6116578601346
6379,2014,9,23,19,30,0,0,0,2.584416389465332,17.243524169921898,103.41369734223036
6380,2014,9,23,20,30,0,0,0,2.4022884368896484,16.983941650390648,117.06645929552714
6381,2014,9,23,21,30,0,0,0,2.2732982635498047,16.949395751953148,130.33250532564116
6382,2014,9,23,22,30,0,0,0,2.095334768295288,16.792199707031273,142.70059295590818
6383,2014,9,23,23,30,0,0,0,1.883984088897705,16.590020751953148,152.83497842456768
6384,2014,9,24,0,30,0,0,0,1.6995954513549805,16.414239501953148,157.4362166328682
6385,2014,9,24,1,30,0,0,0,1.5197761058807373,16.226983642578148,153.43902383116668
6386,2014,9,24,2,30,0,0,0,1.2651102542877195,16.041070556640648,143.5811092054798
6387,2014,9,24,3,30,0,0,0,1.0665050745010376,15.8876892089844,131.32261196499778
6388,2014,9,24,4,30,0,0,0,1.0503826141357422,15.7958923339844,118.10651567745815
6389,2014,9,24,5,30,0,0,0,1.1745450496673584,15.81646118164065,104.48029656908291
6390,2014,9,24,6,30,0,0,0,1.3268665075302124,16.184381103515648,90.69362359559405
6391,2014,9,24,7,30,180,58,537,1.4520360231399536,17.232965087890648,76.92268488975517
6392,2014,9,24,8,30,426,84,761,1.5559086799621582,18.862969970703148,63.32004903220974
6393,2014,9,24,9,30,651,99,861,1.55562424659729,20.729302978515648,50.143615475982095
6394,2014,9,24,10,30,829,109,912,1.515268325805664,22.472131347656273,37.93101276806331
6395,2014,9,24,11,30,942,115,937,1.5536851882934568,23.835015869140648,28.045619811491505
6396,2014,9,24,12,30,980,116,943,1.7017589807510376,24.612908935546894,23.66223917782756
6397,2014,9,24,13,30,941,115,932,1.983687162399292,24.701409912109398,27.559414441063343
6398,2014,9,24,14,30,829,109,903,2.4382147789001465,24.204949951171894,37.21388629765921
6399,2014,9,24,15,30,654,100,850,2.987709283828736,23.190484619140648,49.33597765297887
6400,2014,9,24,16,30,433,84,755,3.382066011428833,21.681207275390648,62.47656003927558
6401,2014,9,24,17,30,195,57,572,3.4137682914733887,19.678277587890648,76.06815839984107
6402,2014,9,24,18,30,0,0,0,3.237218379974365,18.005273437500023,89.84354798572625
6403,2014,9,24,19,30,0,0,0,2.9816784858703613,17.263085937500026,103.64892106987612
6404,2014,9,24,20,30,0,0,0,2.632657051086426,16.927331542968773,117.31374725192393
6405,2014,9,24,21,30,0,0,0,2.3792600631713867,16.854455566406273,130.60403800095324
6406,2014,9,24,22,30,0,0,0,2.215322971343994,16.896386718750026,143.01435916713834
6407,2014,9,24,23,30,0,0,0,1.975158214569092,16.618524169921898,153.20923362549232
6408,2014,9,25,0,30,0,0,0,1.6762878894805908,16.240930175781273,157.82751495483112
6409,2014,9,25,1,30,0,0,0,1.434030055999756,16.041833496093773,153.7273663448049
6410,2014,9,25,2,30,0,0,0,1.2417261600494385,15.90325317382815,143.7656431601314
6411,2014,9,25,3,30,0,0,0,1.0683766603469849,15.721398925781275,131.44698275080177
6412,2014,9,25,4,30,0,0,0,0.927992582321167,15.465844726562526,118.19881220044711
6413,2014,9,25,5,30,0,0,0,0.8111369609832764,15.258142089843775,104.55707424241771
6414,2014,9,25,6,30,0,0,0,0.7549207806587219,15.92876586914065,90.76668882067105
6415,2014,9,25,7,30,141,79,274,0.8823238611221313,17.515100097656273,77.00114413128014
6416,2014,9,25,8,30,336,173,362,0.9989506006240844,19.187402343750023,63.41564588404746
6417,2014,9,25,9,30,633,97,837,0.9880465269088744,21.141778564453148,50.27254222176181
6418,2014,9,25,10,30,807,107,890,1.079162359237671,22.952508544921894,38.11985385962389
6419,2014,9,25,11,30,706,393,355,1.3312965631484983,24.076715087890648,28.33363795156933
6420,2014,9,25,12,30,737,408,359,1.6880319118499756,24.599542236328148,24.05016009527337
6421,2014,9,25,13,30,232,217,16,2.095574140548706,24.506829833984398,27.94041041502689
6422,2014,9,25,14,30,205,195,11,2.546118259429932,23.89803466796877,37.53703196053968
6423,2014,9,25,15,30,92,92,0,2.9758701324462886,22.809930419921894,49.614738154998214
6424,2014,9,25,16,30,394,126,586,3.175083637237549,21.319421386718773,62.72830913987484
6425,2014,9,25,17,30,189,56,564,3.1456515789031982,19.760827636718773,76.30522794273004
6426,2014,9,25,18,30,0,0,0,3.0672974586486816,18.542871093750023,90.07480353471516
6427,2014,9,25,19,30,0,0,0,2.9478297233581543,17.656823730468773,103.88308801498668
6428,2014,9,25,20,30,0,0,0,2.784440040588379,17.120080566406273,117.55953916802989
6429,2014,9,25,21,30,0,0,0,2.6033411026000977,16.991754150390648,130.8736978155824
6430,2014,9,25,22,30,0,0,0,2.4090676307678223,17.023553466796898,143.32617628189132
6431,2014,9,25,23,30,0,0,0,2.225514411926269,16.999871826171898,153.58244765439923
6432,2014,9,26,0,30,0,0,0,2.0031061172485347,16.896630859375026,158.21854937881818
6433,2014,9,26,1,30,0,0,0,1.76615309715271,16.801446533203148,154.01337602233838
6434,2014,9,26,2,30,0,0,0,1.4798231124877932,16.652612304687526,143.94773838216014
6435,2014,9,26,3,30,0,0,0,1.0989658832550049,16.446282958984398,131.56975486181042
6436,2014,9,26,4,30,0,0,0,0.7334786653518677,16.289331054687526,118.29034706252432
6437,2014,9,26,5,30,0,0,0,0.3908945620059967,16.061395263671898,104.63381977356579
6438,2014,9,26,6,30,0,0,0,0.25729572772979736,16.412744140625026,90.84031628796524
6439,2014,9,26,7,30,173,56,519,0.3394727110862732,17.552697753906273,77.08088399020019
6440,2014,9,26,8,30,412,81,740,0.3622618615627289,19.945245361328148,63.51320317155934
6441,2014,9,26,9,30,632,96,839,0.2765795588493347,22.374291992187523,50.404151504329576
6442,2014,9,26,10,30,805,106,891,0.3138371706008911,23.465203857421894,38.31197345034594
6443,2014,9,26,11,30,916,111,916,0.5546122789382935,24.08162841796877,28.62445700108892
6444,2014,9,26,12,30,611,453,173,0.7693789601325989,24.354364013671894,24.43839412201088
6445,2014,9,26,13,30,916,112,913,0.9032360911369324,24.32943115234377,28.32145944697871
6446,2014,9,26,14,30,401,353,60,1.0420434474945068,23.821527099609398,37.860821407735145
6447,2014,9,26,15,30,634,97,834,1.3342443704605105,22.857049560546894,49.89403344271861
6448,2014,9,26,16,30,417,81,738,1.7680790424346924,21.638421630859398,62.980211741781304
6449,2014,9,26,17,30,183,54,553,2.139577388763428,20.267175292968773,76.5420090728339
6450,2014,9,26,18,30,0,0,0,2.319645404815674,19.143029785156273,90.30529238473629
6451,2014,9,26,19,30,0,0,0,2.2973427772521973,18.566308593750023,104.1160651740042
6452,2014,9,26,20,30,0,0,0,2.249601125717163,18.404168701171894,117.80369428045069
6453,2014,9,26,21,30,0,0,0,2.2684271335601807,18.414208984375023,131.14132919676914
6454,2014,9,26,22,30,0,0,0,2.2692997455596924,18.320428466796894,143.63586719756492
6455,2014,9,26,23,30,0,0,0,2.183013439178467,18.132745361328148,153.95445193587548
6456,2014,9,27,0,30,0,0,0,2.05491042137146,17.980706787109398,158.60921656706978
6457,2014,9,27,1,30,0,0,0,1.89644455909729,17.820001220703148,154.29694993266344
6458,2014,9,27,2,30,0,0,0,1.6965936422348022,17.609246826171898,144.1273727508466
6459,2014,9,27,3,30,0,0,0,1.512909173965454,17.412805175781273,131.69094985354602
6460,2014,9,27,4,30,0,0,0,1.3260246515274048,17.357141113281273,118.38115902834404
6461,2014,9,27,5,30,0,0,0,1.161517858505249,17.420465087890648,104.71057798288786
6462,2014,9,27,6,30,0,0,0,1.0785048007965088,17.639764404296898,90.9145669749398
6463,2014,9,27,7,30,170,53,529,1.0623668432235718,18.122338867187523,77.16194467544109
6464,2014,9,27,8,30,408,75,748,1.044459581375122,18.915002441406273,63.612749499791356
6465,2014,9,27,9,30,626,89,845,1.0647294521331787,20.421502685546894,50.53844727527599
6466,2014,9,27,10,30,799,97,896,1.19137442111969,21.921136474609398,38.50732360861559
6467,2014,9,27,11,30,910,102,922,1.324528694152832,22.713189697265648,28.917949841027884
6468,2014,9,27,12,30,279,260,21,1.3548898696899414,23.155755615234398,24.826823387681017
6469,2014,9,27,13,30,268,251,19,1.3368005752563477,23.296044921875023,28.702422027379107
6470,2014,9,27,14,30,803,97,897,1.3684533834457395,23.120355224609398,38.185097245201625
6471,2014,9,27,15,30,235,224,17,1.4776818752288818,22.557977294921894,50.17371706038853
6472,2014,9,27,16,30,416,74,759,1.6326032876968384,21.651818847656273,63.232131312911775
6473,2014,9,27,17,30,182,48,585,1.7901227474212646,20.452661132812523,76.77837050295706
6474,2014,9,27,18,30,0,0,0,1.8836238384246824,19.394982910156273,90.53488243883808
6475,2014,9,27,19,30,0,0,0,1.825985550880432,18.678826904296894,104.34771981491484
6476,2014,9,27,20,30,0,0,0,1.7536277770996094,18.079095458984398,118.0460722435937
6477,2014,9,27,21,30,0,0,0,1.7546401023864746,17.842828369140648,131.40677681080973
6478,2014,9,27,22,30,0,0,0,1.6919225454330444,17.900018310546898,143.9432538537637
6479,2014,9,27,23,30,0,0,0,1.6305348873138428,17.956292724609398,154.32507498777545
6480,2014,9,28,0,30,0,0,0,1.649687647819519,18.000604248046898,158.9994134430291
6481,2014,9,28,1,30,0,0,0,1.6919982433319092,17.982690429687523,154.57798732012122
6482,2014,9,28,2,30,0,0,0,1.5716242790222168,17.923120117187523,144.3045280082119
6483,2014,9,28,3,30,0,0,0,1.2720983028411863,17.902917480468773,131.8105919000983
6484,2014,9,28,4,30,0,0,0,0.9901410341262816,17.816430664062523,118.4712882579217
6485,2014,9,28,5,30,0,0,0,0.7777295112609863,17.619531250000023,104.78739411660204
6486,2014,9,28,6,30,0,0,0,0.6716969013214111,17.769281005859398,90.98949684428328
6487,2014,9,28,7,30,169,52,530,0.6439411640167236,18.730798339843773,77.24436510169055
6488,2014,9,28,8,30,407,75,749,0.7475708723068237,19.954736328125023,63.714311187966864
6489,2014,9,28,9,30,624,88,846,1.0265226364135742,20.932336425781273,50.67543003426866
6490,2014,9,28,10,30,796,96,896,1.2964792251586914,21.950463867187523,38.70585214492161
6491,2014,9,28,11,30,906,101,922,1.4068715572357178,22.862817382812523,29.213987453261012
6492,2014,9,28,12,30,944,103,929,1.4452359676361084,23.285607910156273,25.21532982202575
6493,2014,9,28,13,30,907,101,922,1.5456464290618896,23.233422851562523,29.083159507458987
6494,2014,9,28,14,30,798,96,896,1.6861007213592532,22.787744140625023,38.50970264393829
6495,2014,9,28,15,30,466,280,291,1.8991904258728027,22.062463378906273,50.45364241739353
6496,2014,9,28,16,30,411,73,756,2.164601802825928,21.092584228515648,63.483931073509495
6497,2014,9,28,17,30,178,47,580,2.348731517791748,19.990747070312523,77.01418084554695
6498,2014,9,28,18,30,0,0,0,2.4433574676513667,19.276361083984398,90.76513575912789
6499,2014,9,28,19,30,0,0,0,2.510953187942505,19.036920166015648,104.57791958167677
6500,2014,9,28,20,30,0,0,0,2.5374035835266118,18.905358886718773,118.2865332497774
6501,2014,9,28,21,30,0,0,0,2.532048463821411,18.718865966796894,131.6698857041213
6502,2014,9,28,22,30,0,0,0,2.467583417892456,18.499475097656273,144.24815735693625
6503,2014,9,28,23,30,0,0,0,2.339473247528076,18.298730468750023,154.69414232630294
6504,2014,9,29,0,30,0,0,0,2.1510531902313232,18.139123535156273,159.38903721584256
6505,2014,9,29,1,30,0,0,0,1.9436702728271484,18.003533935546898,154.85638976016438
6506,2014,9,29,2,30,0,0,0,1.6763839721679688,17.892236328125023,144.47918978645885
6507,2014,9,29,3,30,0,0,0,1.2929085493087769,17.788934326171898,131.92870773071266
6508,2014,9,29,4,30,0,0,0,0.901208758354187,17.681207275390648,118.56077622111886
6509,2014,9,29,5,30,0,0,0,0.5920119881629944,17.661126708984398,104.86431375650852
6510,2014,9,29,6,30,0,0,0,0.5261735916137695,17.948205566406273,91.06804726744936
6511,2014,9,29,7,30,168,52,530,0.6331900358200073,18.748712158203148,77.32818280147625
6512,2014,9,29,8,30,197,177,46,0.7575589418411255,19.724267578125023,63.81791219291668
6513,2014,9,29,9,30,122,121,1,0.9148573875427246,20.617730712890648,50.815096791375616
6514,2014,9,29,10,30,797,96,901,1.080078363418579,21.975366210937523,38.907502685753215
6515,2014,9,29,11,30,700,382,364,1.164264440536499,23.27840576171877,29.512439071882486
6516,2014,9,29,12,30,945,102,934,1.14758038520813,23.921380615234398,25.603795161144422
6517,2014,9,29,13,30,907,100,925,1.1119966506958008,24.123468017578148,29.463534068818912
6518,2014,9,29,14,30,797,95,900,1.2209844589233398,23.806604003906273,38.8344813943264
6519,2014,9,29,15,30,625,87,850,1.6885312795639038,23.034326171875023,50.73366287859114
6520,2014,9,29,16,30,408,72,758,2.3352713584899902,21.902825927734398,63.735474088768164
6521,2014,9,29,17,30,175,46,582,2.7602505683898926,20.626275634765648,77.24930870534183
6522,2014,9,29,18,30,0,0,0,2.9070072174072266,19.717431640625023,90.9938824334284
6523,2014,9,29,19,30,0,0,0,2.8866357803344727,19.403009033203148,104.806532600192
6524,2014,9,29,20,30,0,0,0,2.7655835151672363,19.287255859375023,118.52493815229909
6525,2014,9,29,21,30,0,0,0,2.5984065532684326,19.080377197265648,131.93050145022198
6526,2014,9,29,22,30,0,0,0,2.409447193145752,18.845361328125023,144.5503981167353
6527,2014,9,29,23,30,0,0,0,2.2771058082580566,18.642694091796894,155.06147637076833
6528,2014,9,30,0,30,0,0,0,2.179800033569336,18.454278564453148,159.77798540524287
6529,2014,9,30,1,30,0,0,0,2.086913585662842,18.258630371093773,155.13206132004382
6530,2014,9,30,2,30,0,0,0,2.029891967773437,18.048760986328148,144.65134762822183
6531,2014,9,30,3,30,0,0,0,1.940093994140625,17.829217529296898,132.04532656169428
6532,2014,9,30,4,30,0,0,0,1.7570178508758545,17.631860351562523,118.64966560983164
6533,2014,9,30,5,30,0,0,0,1.5196692943572998,17.397729492187526,104.94138272889734
6534,2014,9,30,6,30,0,0,0,1.3828473091125488,17.372796630859398,91.14429742017694
6535,2014,9,30,7,30,169,52,536,1.46209979057312,18.114495849609398,77.41343383887737
6536,2014,9,30,8,30,279,194,193,1.5902011394500732,19.599420166015648,63.923574035765704
6537,2014,9,30,9,30,628,87,859,1.591159105300903,21.365319824218773,50.957441035046294
6538,2014,9,30,10,30,802,95,910,1.5441550016403198,23.080438232421894,39.11221475324348
6539,2014,9,30,11,30,912,100,935,1.479059815406799,24.28353271484377,29.81317232771865
6540,2014,9,30,12,30,949,101,943,1.3706424236297607,24.714959716796894,25.99210095502477
6541,2014,9,30,13,30,911,100,935,1.2301148176193235,24.642755126953148,29.843408695888034
6542,2014,9,30,14,30,801,95,910,1.2203097343444824,24.361932373046894,39.1592779571263
6543,2014,9,30,15,30,628,86,861,1.5457853078842163,23.722558593750023,51.01363185232854
6544,2014,9,30,16,30,410,72,770,2.0864331722259517,22.618554687500023,63.98662336070737
6545,2014,9,30,17,30,175,45,597,2.485267639160156,21.161584472656273,77.48362277227187
6546,2014,9,30,18,30,0,0,0,2.61722183227539,19.771508789062523,91.22354991318551
6547,2014,9,30,19,30,0,0,0,2.615847110748291,19.154656982421894,105.0334275859228
6548,2014,9,30,20,30,0,0,0,2.517474412918091,19.233605957031273,118.76114859138235
6549,2014,9,30,21,30,0,0,0,2.3934288024902344,19.407342529296894,132.18847030272804
6550,2014,9,30,22,30,0,0,0,2.314217090606689,19.408868408203148,144.84979599482938
6551,2014,9,30,23,30,0,0,0,2.243753433227539,19.333184814453148,155.42689634898096
6552,2014,10,1,0,30,0,0,0,2.204931259155273,19.236657714843773,160.16615586681837
6553,2014,10,1,1,30,0,0,0,2.0637335777282715,18.962701416015648,155.40490872433224
6554,2014,10,1,2,30,0,0,0,1.7195216417312622,18.548455810546894,144.82099499958397
6555,2014,10,1,3,30,0,0,0,1.2954157590866089,18.297418212890648,132.16048002396317
6556,2014,10,1,4,30,0,0,0,0.9918228387832642,18.299188232421894,118.7380002482302
6557,2014,10,1,5,30,0,0,0,0.8500669002532959,18.330957031250023,105.01864701272191
6558,2014,10,1,6,30,0,0,0,0.7727240324020386,18.507653808593773,91.221398640623
6559,2014,10,1,7,30,44,44,0,0.6678515672683716,19.470422363281273,77.50015272446686
6560,2014,10,1,8,30,406,73,760,0.6736513376235962,21.126733398437523,64.03131573171854
6561,2014,10,1,9,30,625,86,857,1.0149848461151123,22.845178222656273,51.10245270588687
6562,2014,10,1,10,30,797,94,908,1.4757213592529297,24.036584472656273,39.319923850246575
6563,2014,10,1,11,30,906,99,933,1.7972364425659182,24.512567138671894,30.116053386133075
6564,2014,10,1,12,30,943,100,941,1.98620879650116,24.526727294921894,26.38012857620809
6565,2014,10,1,13,30,906,99,933,2.112884283065796,24.278680419921894,30.22264715132277
6566,2014,10,1,14,30,796,94,909,2.2297191619873047,23.869683837890648,39.483937511696205
6567,2014,10,1,15,30,624,85,861,2.337982416152954,23.217828369140648,51.29340287632248
6568,2014,10,1,16,30,406,71,770,2.350996494293213,22.254022216796894,64.23724191925379
6569,2014,10,1,17,30,171,44,598,2.216843605041504,20.906365966796894,77.71699191442897
6570,2014,10,1,18,30,0,0,0,2.1024520397186284,19.624505615234398,91.44873625310127
6571,2014,10,1,19,30,0,0,0,2.060375452041626,19.316033935546894,105.25847395295764
6572,2014,10,1,20,30,0,0,0,2.05372166633606,19.616296386718773,118.9950271229957
6573,2014,10,1,21,30,0,0,0,2.028340578079224,19.569482421875023,132.44363935438614
6574,2014,10,1,22,30,0,0,0,1.9485216140747068,19.223748779296894,145.1461704667673
6575,2014,10,1,23,30,0,0,0,1.815598726272583,19.005883789062523,155.79021820416864
6576,2014,10,2,0,30,0,0,0,1.6970558166503906,18.964196777343773,160.5534468178098
6577,2014,10,2,1,30,0,0,0,1.605541467666626,18.872583007812523,155.67484152519742
6578,2014,10,2,2,30,0,0,0,1.403441071510315,18.698693847656273,144.98812929547512
6579,2014,10,2,3,30,0,0,0,1.1188323497772217,18.516168212890648,132.27420208612025
6580,2014,10,2,4,30,0,0,0,0.8436163663864136,18.404412841796894,118.82582500098809
6581,2014,10,2,5,30,0,0,0,0.6307940483093262,18.360162353515648,105.096152647223
6582,2014,10,2,6,30,0,0,0,0.5611141920089722,18.605767822265648,91.29939287633916
6583,2014,10,2,7,30,166,52,528,0.6581592559814453,19.580560302734398,77.58837233222533
6584,2014,10,2,8,30,322,171,346,0.8731087446212769,21.276239013671894,64.14115372352711
6585,2014,10,2,9,30,623,88,853,1.1102018356323242,22.874871826171894,51.250118176176606
6586,2014,10,2,10,30,795,97,905,1.255430817604065,23.910455322265648,39.530561550305045
6587,2014,10,2,11,30,905,102,931,1.3835309743881226,24.442590332031273,30.4209470781938
6588,2014,10,2,12,30,942,103,939,1.589903712272644,24.436334228515648,26.767759229710503
6589,2014,10,2,13,30,904,102,932,1.8486074209213257,24.24178466796877,30.601113954203925
6590,2014,10,2,14,30,794,97,907,2.0481557846069336,23.891076660156273,39.8083060014602
6591,2014,10,2,15,30,622,88,859,2.114082336425781,23.267541503906273,51.572829701442444
6592,2014,10,2,16,30,404,73,767,2.058809995651245,22.323297119140648,64.4871929126475
6593,2014,10,2,17,30,168,45,590,1.931912899017334,20.854730224609398,77.94928527126467
6594,2014,10,2,18,30,0,0,0,1.8090137243270876,19.395501708984398,91.6724080092987
6595,2014,10,2,19,30,0,0,0,1.6525592803955078,18.673760986328148,105.48154192469478
6596,2014,10,2,20,30,0,0,0,1.4604935646057131,18.828302001953148,119.22643735048138
6597,2014,10,2,21,30,0,0,0,1.3182882070541382,19.223443603515648,132.69585670213905
6598,2014,10,2,22,30,0,0,0,1.2404570579528809,19.252008056640648,145.43934079760268
6599,2014,10,2,23,30,0,0,0,1.1653093099594116,19.167687988281273,156.15125450481003
6600,2014,10,3,0,30,0,0,0,1.0447931289672852,19.137200927734398,160.9397568632931
6601,2014,10,3,1,30,0,0,0,0.9837564826011658,18.982965087890648,155.94177227664622
6602,2014,10,3,2,30,0,0,0,1.125808596611023,18.640191650390648,145.15275183720271
6603,2014,10,3,3,30,0,0,0,1.376594066619873,18.184075927734398,132.3865289734135
6604,2014,10,3,4,30,0,0,0,1.605034589767456,17.676751708984398,118.91318567974169
6605,2014,10,3,5,30,0,0,0,1.8069217205047607,17.214776611328148,105.17394563908223
6606,2014,10,3,6,30,0,0,0,1.878695011138916,17.495385742187526,91.3783211973572
6607,2014,10,3,7,30,168,52,540,1.7417755126953125,18.788842773437523,77.67812381806465
6608,2014,10,3,8,30,408,75,767,1.307713508605957,20.913385009765648,64.25310181832299
6609,2014,10,3,9,30,628,88,865,0.7113580703735352,23.409814453125023,51.400420235079295
6610,2014,10,3,10,30,638,319,414,0.8251479268074036,25.268548583984398,39.744055592195245
6611,2014,10,3,11,30,724,349,436,1.5674439668655396,26.207299804687523,30.727717025495878
6612,2014,10,3,12,30,943,103,944,2.1918556690216064,26.382928466796894,27.154873964142094
6613,2014,10,3,13,30,902,101,934,2.7092604637146,25.957971191406273,30.97867436112716
6614,2014,10,3,14,30,789,96,906,3.1149137020111084,24.979180908203148,40.13223017724585
6615,2014,10,3,15,30,614,87,854,3.3985567092895512,23.559503173828148,51.85176637360915
6616,2014,10,3,16,30,390,78,730,3.455894947052002,21.946679687500023,64.73633969712672
6617,2014,10,3,17,30,159,46,554,3.215792179107666,20.311212158203148,78.18037234681992
6618,2014,10,3,18,30,0,0,0,2.9619548320770264,19.161553955078148,91.89443739513314
6619,2014,10,3,19,30,0,0,0,2.861320972442627,18.848046875000023,105.70250264589579
6620,2014,10,3,20,30,0,0,0,2.757163047790528,18.846826171875023,119.45524405888435
6621,2014,10,3,21,30,0,0,0,2.5637691020965576,18.628533935546894,132.9449716181446
6622,2014,10,3,22,30,0,0,0,2.4102916717529297,18.372460937500023,145.72912623185994
6623,2014,10,3,23,30,0,0,0,2.2905807495117188,18.175256347656273,156.50981435869159
6624,2014,10,4,0,30,0,0,0,2.170043468475342,17.939019775390648,161.32498502296687
6625,2014,10,4,1,30,0,0,0,2.0275113582611084,17.684350585937523,156.20561671275829
6626,2014,10,4,2,30,0,0,0,1.8257436752319336,17.385430908203148,145.31486786204215
6627,2014,10,4,3,30,0,0,0,1.800886154174805,17.241357421875026,132.49749908234986
6628,2014,10,4,4,30,0,0,0,1.8984286785125728,17.230340576171898,119.00012894778318
6629,2014,10,4,5,30,0,0,0,1.986981749534607,17.191827392578148,105.25207186909893
6630,2014,10,4,6,30,0,0,0,2.1148834228515625,17.414666748046898,91.45822370779636
6631,2014,10,4,7,30,55,55,0,2.374652147293091,18.112969970703148,77.76943654027403
6632,2014,10,4,8,30,82,82,0,2.715200424194336,18.955987548828148,64.36717112809553
6633,2014,10,4,9,30,112,112,0,2.845999002456665,19.570123291015648,51.55333807949207
6634,2014,10,4,10,30,138,133,5,2.7983722686767583,20.036462402343773,39.960329978404275
6635,2014,10,4,11,30,236,220,17,2.7295207977294917,20.556573486328148,31.0362257586556
6636,2014,10,4,12,30,629,433,221,2.6530261039733887,20.926354980468773,27.54135368396955
6637,2014,10,4,13,30,496,410,100,2.589031457901001,20.983331298828148,31.355194350106178
6638,2014,10,4,14,30,256,243,17,2.621429920196533,20.757135009765648,40.45555763862383
6639,2014,10,4,15,30,370,285,138,2.7525808811187744,20.226831054687523,52.1300673139554
6640,2014,10,4,16,30,80,80,0,2.827876091003418,19.388391113281273,64.98454592605133
6641,2014,10,4,17,30,23,23,0,2.6440110206604004,18.338922119140648,78.41012310328405
6642,2014,10,4,18,30,0,0,0,2.3788437843322754,17.632348632812523,92.11469734915156
6643,2014,10,4,19,30,0,0,0,2.2020585536956787,17.397607421875026,105.92122829609586
6644,2014,10,4,20,30,0,0,0,2.0330047607421875,17.333367919921898,119.68131335184928
6645,2014,10,4,21,30,0,0,0,1.8486087322235107,17.214196777343773,133.19083472662376
6646,2014,10,4,22,30,0,0,0,1.5972156524658203,16.958489990234398,146.01534619829158
6647,2014,10,4,23,30,0,0,0,1.3325910568237305,16.725518798828148,156.86570333280653
6648,2014,10,5,0,30,0,0,0,1.07882821559906,16.517755126953148,161.70903075846698
6649,2014,10,5,1,30,0,0,0,0.8376128673553467,16.341180419921898,156.46629392920406
6650,2014,10,5,2,30,0,0,0,0.7135213613510132,16.214715576171898,145.47448650462283
6651,2014,10,5,3,30,0,0,0,0.7048289179801941,16.104638671875026,132.6071528915003
6652,2014,10,5,4,30,0,0,0,0.7536165714263916,15.984094238281275,119.08670222327804
6653,2014,10,5,5,30,0,0,0,0.8750771284103394,15.90764770507815,105.33057699880831
6654,2014,10,5,6,30,0,0,0,1.0362839698791504,16.292169189453148,91.53913945842798
6655,2014,10,5,7,30,162,51,527,1.224236011505127,17.295495605468773,77.86233798215517
6656,2014,10,5,8,30,399,73,756,1.376884698867798,18.635186767578148,64.48337001406071
6657,2014,10,5,9,30,617,86,856,1.4169254302978516,20.402185058593773,51.708847310629
6658,2014,10,5,10,30,788,94,907,1.339563488960266,22.462548828125023,40.179305077346136
6659,2014,10,5,11,30,895,99,932,1.219238519668579,23.973565673828148,31.346334829890885
6660,2014,10,5,12,30,930,100,939,1.1165376901626587,24.427392578125023,27.92707916304306
6661,2014,10,5,13,30,889,98,929,0.9871290922164916,24.189233398437523,31.730540607219854
6662,2014,10,5,14,30,519,365,203,0.855019211769104,23.785455322265648,40.77813687353952
6663,2014,10,5,15,30,602,84,848,0.9737382531166076,23.184075927734398,52.407587397282235
6664,2014,10,5,16,30,385,69,752,1.4271912574768066,22.141503906250023,65.23167563839786
6665,2014,10,5,17,30,153,41,570,1.8221333026885984,20.667138671875023,78.63840805459711
6666,2014,10,5,18,30,0,0,0,1.9321000576019287,19.377313232421894,92.3330616363039
6667,2014,10,5,19,30,0,0,0,1.920308232307434,18.955438232421894,106.1375922043563
6668,2014,10,5,20,30,0,0,0,1.869916915893555,19.044152832031273,119.90451279093723
6669,2014,10,5,21,30,0,0,0,1.827236771583557,19.084375000000023,133.43329818638415
6670,2014,10,5,22,30,0,0,0,1.8526051044464111,19.059625244140648,146.29782053004675
6671,2014,10,5,23,30,0,0,0,1.878610134124756,18.979943847656273,157.21872338109077
6672,2014,10,6,0,30,0,0,0,1.8365937471389768,18.825982666015648,162.09179400122537
6673,2014,10,6,1,30,0,0,0,1.7168726921081543,18.670098876953148,156.72372656741248
6674,2014,10,6,2,30,0,0,0,1.5934648513793943,18.542291259765648,145.6316207700211
6675,2014,10,6,3,30,0,0,0,1.524558663368225,18.421563720703148,132.715532868392
6676,2014,10,6,4,30,0,0,0,1.5092755556106567,18.325952148437523,119.17295358103785
6677,2014,10,6,5,30,0,0,0,1.5606905221939087,18.272668457031273,105.4095063767954
6678,2014,10,6,6,30,0,0,0,1.6264225244522097,18.552087402343773,91.62110635995016
6679,2014,10,6,7,30,163,51,537,1.5697052478790283,19.459436035156273,77.95685367660678
6680,2014,10,6,8,30,403,73,770,1.302168607711792,21.216516113281273,64.60170403465585
6681,2014,10,6,9,30,623,86,870,0.8214794397354126,23.325677490234398,51.86691993605857
6682,2014,10,6,10,30,797,94,923,0.3332338333129883,24.860040283203148,40.40089772881453
6683,2014,10,6,11,30,907,99,949,0.3285044431686401,25.69735107421877,31.65790491986709
6684,2014,10,6,12,30,942,100,957,0.7348673343658447,25.974481201171894,28.3119310592794
6685,2014,10,6,13,30,795,311,571,1.1628047227859497,25.588433837890648,32.104580516024264
6686,2014,10,6,14,30,505,371,178,1.555725336074829,24.700646972656273,41.09981729656325
6687,2014,10,6,15,30,231,220,18,1.8879530429840088,23.65194091796877,52.68418202902409
6688,2014,10,6,16,30,272,175,234,2.156440734863281,22.353265380859398,65.47759334665976
6689,2014,10,6,17,30,130,60,363,2.2984347343444824,20.841638183593773,78.86509836018334
6690,2014,10,6,18,30,0,0,0,2.2749037742614746,19.632836914062523,92.5494049496214
6691,2014,10,6,19,30,0,0,0,2.101995944976806,19.279046630859398,106.3514689651369
6692,2014,10,6,20,30,0,0,0,1.8475096225738523,19.412286376953148,120.12471153725063
6693,2014,10,6,21,30,0,0,0,1.6325217485427856,19.401757812500023,133.67221587885507
6694,2014,10,6,22,30,0,0,0,1.5215643644332886,19.214471435546894,146.57636970055597
6695,2014,10,6,23,30,0,0,0,1.4839949607849119,19.027459716796894,157.56867278200897
6696,2014,10,7,0,30,0,0,0,1.4999701976776123,18.867395019531273,162.4731751810556
6697,2014,10,7,1,30,0,0,0,1.4722707271575928,18.645745849609398,156.97784100110187
6698,2014,10,7,2,30,0,0,0,1.3558140993118286,18.389306640625023,145.786287498478
6699,2014,10,7,3,30,0,0,0,1.251159906387329,18.088189697265648,132.8226833727191
6700,2014,10,7,4,30,0,0,0,1.2201919555664062,17.772760009765648,119.25893165300972
6701,2014,10,7,5,30,0,0,0,1.283745527267456,17.465661621093773,105.48890494514922
6702,2014,10,7,6,30,0,0,0,1.4251408576965332,17.393365478515648,91.70416109756405
6703,2014,10,7,7,30,162,51,540,1.51287841796875,18.144006347656273,78.05300713324381
6704,2014,10,7,8,30,404,72,775,1.4119527339935305,19.901055908203148,64.72217589770774
6705,2014,10,7,9,30,625,85,877,1.0793442726135254,22.118951416015648,52.0275243773248
6706,2014,10,7,10,30,799,93,930,0.5667684078216553,24.087548828125023,40.625021352178905
6707,2014,10,7,11,30,909,98,955,0.3790979385375977,25.412011718750023,31.970795938987173
6708,2014,10,7,12,30,944,99,963,0.7631157636642456,25.882745361328148,28.69578993054552
6709,2014,10,7,13,30,903,97,955,1.2901132106781006,25.59554443359377,32.47718214963762
6710,2014,10,7,14,30,789,92,929,1.7225134372711182,24.808404541015648,41.420449285924015
6711,2014,10,7,15,30,613,83,879,2.1202194690704346,23.704095458984398,52.959707220813186
6712,2014,10,7,16,30,391,69,784,2.466902494430542,22.324761962890648,65.72216412432233
6713,2014,10,7,17,30,154,39,612,2.724910259246826,20.691705322265648,79.09006591894348
6714,2014,10,7,18,30,0,0,0,2.8588075637817383,19.392907714843773,92.7636030127
6715,2014,10,7,19,30,0,0,0,2.7908668518066406,18.534631347656273,106.56273455539684
6716,2014,10,7,20,30,0,0,0,2.5882787704467773,18.067071533203148,120.341780495186
6717,2014,10,7,21,30,0,0,0,2.335496187210083,18.112023925781273,133.9074436014077
6718,2014,10,7,22,30,0,0,0,2.044544219970703,18.176049804687523,146.85081507555526
6719,2014,10,7,23,30,0,0,0,1.8105683326721191,18.082543945312523,157.91534608863748
6720,2014,10,8,0,30,0,0,0,1.6217689514160156,17.864190673828148,162.85307525527108
6721,2014,10,8,1,30,0,0,0,1.422417163848877,17.446496582031273,157.22856752391775
6722,2014,10,8,2,30,0,0,0,1.2763125896453855,17.038476562500026,145.9385073215452
6723,2014,10,8,3,30,0,0,0,1.192596435546875,16.653771972656273,132.92865055605114
6724,2014,10,8,4,30,0,0,0,1.1825554370880127,15.932031250000026,119.3446855276348
6725,2014,10,8,5,30,0,0,0,1.3146779537200928,15.095910644531275,105.56881714589683
6726,2014,10,8,6,30,0,0,0,1.5249686241149902,15.288354492187526,91.7883390464285
6727,2014,10,8,7,30,167,51,565,1.5679454803466797,16.655236816406273,78.15081976763432
6728,2014,10,8,8,30,414,73,802,1.3226039409637451,18.578424072265648,64.84478541631935
6729,2014,10,8,9,30,638,86,900,1.0424171686172483,20.770837402343773,52.19062548278464
6730,2014,10,8,10,30,812,93,949,1.0347361564636228,22.60018310546877,40.851586057094714
6731,2014,10,8,11,30,921,98,973,1.200668215751648,23.801538085937523,32.284867123543556
6732,2014,10,8,12,30,955,99,979,1.3550143241882324,24.442590332031273,29.0785362517857
6733,2014,10,8,13,30,913,97,970,1.5310593843460083,24.492700195312523,32.84821426551213
6734,2014,10,8,14,30,796,92,944,1.7521731853485107,24.042413330078148,41.73988421966464
6735,2014,10,8,15,30,617,83,892,2.0067200660705566,23.165063476562523,53.23401966478961
6736,2014,10,8,16,30,392,68,795,2.2768537998199463,21.754479980468773,65.9652536927988
6737,2014,10,8,17,30,153,37,625,2.6056511402130127,19.718499755859398,79.31318346323567
6738,2014,10,8,18,30,0,0,0,2.8962726593017583,17.924645996093773,92.97553268249192
6739,2014,10,8,19,30,0,0,0,2.9409680366516118,16.890771484375026,106.77126645246487
6740,2014,10,8,20,30,0,0,0,2.8404784202575684,16.771661376953148,120.5555924579871
6741,2014,10,8,21,30,0,0,0,2.7492318153381348,17.375695800781273,134.13883926549363
6742,2014,10,8,22,30,0,0,0,2.706803321838379,17.638787841796898,147.12097918132454
6743,2014,10,8,23,30,0,0,0,2.537973403930664,17.479058837890648,158.25853409383916
6744,2014,10,9,0,30,0,0,0,2.26166033744812,17.256677246093773,163.23139573860118
6745,2014,10,9,1,30,0,0,0,2.064816236495972,16.994012451171898,157.47584053797618
6746,2014,10,9,2,30,0,0,0,1.8148646354675293,16.687768554687526,146.08830460992814
6747,2014,10,9,3,30,0,0,0,1.5256469249725342,16.415551757812526,133.033482258261
6748,2014,10,9,4,30,0,0,0,1.342132806777954,16.130212402343773,119.43026464827572
6749,2014,10,9,5,30,0,0,0,1.3180558681488037,15.7651306152344,105.64928682784898
6750,2014,10,9,6,30,0,0,0,1.42300283908844,15.87102661132815,91.87367418868251
6751,2014,10,9,7,30,164,51,555,1.460211992263794,16.980096435546898,78.25031083333022
6752,2014,10,9,8,30,408,72,794,1.3488839864730835,18.764642333984398,64.9695294691034
6753,2014,10,9,9,30,631,85,894,1.1904956102371216,20.679376220703148,52.35618454595528
6754,2014,10,9,10,30,805,92,944,1.128748059272766,22.401147460937523,41.08049875625027
6755,2014,10,9,11,30,913,97,968,1.2599023580551147,23.705743408203148,32.59997712690209
6756,2014,10,9,12,30,947,98,974,1.4904481172561646,24.403802490234398,29.46005043330329
6757,2014,10,9,13,30,904,96,965,1.7248342037200928,24.482080078125023,33.21754630277028
6758,2014,10,9,14,30,788,91,938,1.9273078441619875,24.056573486328148,42.057974511015246
6759,2014,10,9,15,30,609,82,886,2.088208675384521,23.20784912109377,53.50697680669203
6760,2014,10,9,16,30,385,67,788,2.2444138526916504,21.833367919921894,66.20672850790103
6761,2014,10,9,17,30,148,36,618,2.447488784790039,19.855493164062523,79.53432465304714
6762,2014,10,9,18,30,0,0,0,2.631927013397217,18.112084960937523,93.18507205279457
6763,2014,10,9,19,30,0,0,0,2.663308620452881,17.075006103515648,106.97694375301049
6764,2014,10,9,20,30,0,0,0,2.6444203853607178,16.948297119140648,120.76602225513693
6765,2014,10,9,21,30,0,0,0,2.6027698516845703,17.500634765625026,134.36626309961747
6766,2014,10,9,22,30,0,0,0,2.50252103805542,17.614007568359398,147.38668598949394
6767,2014,10,9,23,30,0,0,0,2.4516243934631348,17.388726806640648,158.59802381388442
6768,2014,10,10,0,30,0,0,0,2.3386683464050293,17.133050537109398,163.60803873374292
6769,2014,10,10,1,30,0,0,0,2.0911359786987305,16.810876464843773,157.7195987418639
6770,2014,10,10,2,30,0,0,0,1.8338487148284912,16.675195312500026,146.23570741249102
6771,2014,10,10,3,30,0,0,0,1.6228103637695312,16.730126953125026,133.1372279005732
6772,2014,10,10,4,30,0,0,0,1.43516206741333,16.706262207031273,119.51571871055648
6773,2014,10,10,5,30,0,0,0,1.2258248329162598,16.586114501953148,105.73035715357041
6774,2014,10,10,6,30,0,0,0,1.109245538711548,16.726434326171898,91.96019903159392
6775,2014,10,10,7,30,159,49,540,1.1163330078125,17.661676025390648,78.35149735624924
6776,2014,10,10,8,30,399,71,779,1.0990715026855469,19.165032958984398,65.09640196427708
6777,2014,10,10,9,30,618,83,879,1.104882001876831,20.836877441406273,52.52415932873081
6778,2014,10,10,10,30,790,91,929,1.2005770206451416,22.568872070312523,41.311663279656905
6779,2014,10,10,11,30,896,95,953,1.3261232376098633,23.785363769531273,32.91598410592775
6780,2014,10,10,12,30,929,96,959,1.4434391260147097,24.235742187500023,29.84021284028385
6781,2014,10,10,13,30,886,95,950,1.5795283317565918,24.089227294921894,33.58504838217675
6782,2014,10,10,14,30,771,89,923,1.7733569145202637,23.493951416015648,42.37457364333355
6783,2014,10,10,15,30,595,80,871,1.9942363500595093,22.605218505859398,53.77843691806606
6784,2014,10,10,16,30,376,66,775,2.19305419921875,21.435815429687523,66.44645584602057
6785,2014,10,10,17,30,143,35,608,2.351346492767334,19.819055175781273,79.75336417030405
6786,2014,10,10,18,30,0,0,0,2.4417431354522705,18.293511962890648,93.39210055792479
6787,2014,10,10,19,30,0,0,0,2.4333624839782715,17.354791259765648,107.17964729242314
6788,2014,10,10,20,30,0,0,0,2.38366174697876,17.120416259765648,120.97294690089454
6789,2014,10,10,21,30,0,0,0,2.3123483657836914,17.360040283203148,134.58957785613353
6790,2014,10,10,22,30,0,0,0,2.221973657608032,17.431909179687526,147.6477612180003
6791,2014,10,10,23,30,0,0,0,2.188429594039917,17.409448242187526,158.93359849381233
6792,2014,10,11,0,30,0,0,0,2.1516106128692627,17.415002441406273,163.98290696269873
6793,2014,10,11,1,30,0,0,0,2.0304479598999023,17.366540527343773,157.95978531760412
6794,2014,10,11,2,30,0,0,0,1.8323687314987185,17.297967529296898,146.3807473871693
6795,2014,10,11,3,30,0,0,0,1.6230666637420654,17.241265869140648,133.23993837599622
6796,2014,10,11,4,30,0,0,0,1.4687659740447998,17.198144531250026,119.60109755934928
6797,2014,10,11,5,30,0,0,0,1.3809735774993896,17.118127441406273,105.81207050707802
6798,2014,10,11,6,30,0,0,0,1.383482575416565,17.123101806640648,92.04794452743656
6799,2014,10,11,7,30,158,49,541,1.3990877866744995,17.762384033203148,78.4543940719964
6800,2014,10,11,8,30,398,70,781,1.2732843160629272,19.317956542968773,65.22539380814956
6801,2014,10,11,9,30,617,83,880,1.1051640510559082,21.207208251953148,52.69450408993345
6802,2014,10,11,10,30,787,90,930,1.0535478591918943,22.71981201171877,41.54498049062725
6803,2014,10,11,11,30,893,95,954,1.121563196182251,23.690393066406273,33.23274580329315
6804,2014,10,11,12,30,926,96,960,1.3323301076889038,24.159631347656273,30.21890381356011
6805,2014,10,11,13,30,882,94,950,1.690319538116455,24.054681396484398,33.95059130854546
6806,2014,10,11,14,30,767,89,923,2.1396501064300537,23.404534912109398,42.68953620459582
6807,2014,10,11,15,30,591,80,870,2.578744411468506,22.314721679687523,54.04825916733979
6808,2014,10,11,16,30,371,65,772,2.872330665588379,20.899560546875023,66.68430388972101
6809,2014,10,11,17,30,139,33,604,2.8438634872436523,19.186883544921894,79.97017781306435
6810,2014,10,11,18,30,0,0,0,2.663550853729248,17.998773193359398,93.59649907684215
6811,2014,10,11,19,30,0,0,0,2.5185532569885254,17.859033203125023,107.37925976497601
6812,2014,10,11,20,30,0,0,0,2.387401342391968,17.846368408203148,121.17624574422277
6813,2014,10,11,21,30,0,0,0,2.2645649909973145,17.602227783203148,134.80864902206758
6814,2014,10,11,22,30,0,0,0,2.173199415206909,17.469903564453148,147.90403264846512
6815,2014,10,11,23,30,0,0,0,2.251455307006836,17.483941650390648,159.26503763863894
6816,2014,10,12,0,30,0,0,0,2.4026646614074707,17.321191406250026,164.3559037989139
6817,2014,10,12,1,30,0,0,0,2.484400749206543,17.044915771484398,158.19634811530926
6818,2014,10,12,2,30,0,0,0,2.3139307498931885,16.760064697265648,146.52345972313663
6819,2014,10,12,3,30,0,0,0,1.9388219118118288,16.340447998046898,133.341665936598
6820,2014,10,12,4,30,0,0,0,1.6147403717041016,15.97051391601565,119.68645108480185
6821,2014,10,12,5,30,0,0,0,1.3865565061569214,15.751550292968775,105.8944684018943
6822,2014,10,12,6,30,0,0,0,1.2637357711791992,15.72734985351565,92.13693999485905
6823,2014,10,12,7,30,41,41,0,1.2727739810943604,16.254052734375026,78.55901336588019
6824,2014,10,12,8,30,105,105,0,1.4309523105621338,17.684075927734398,65.35649287765037
6825,2014,10,12,9,30,240,225,24,1.6210529804229736,19.531060791015648,52.86716961844674
6826,2014,10,12,10,30,530,361,226,1.7512885332107544,21.105126953125023,41.78034840244029
6827,2014,10,12,11,30,300,282,22,1.8369028568267824,22.322320556640648,33.550119625409884
6828,2014,10,12,12,30,449,395,62,1.87725830078125,23.100091552734398,30.59600369153906
6829,2014,10,12,13,30,429,378,62,1.8911809921264648,23.265802001953148,34.314046575698036
6830,2014,10,12,14,30,757,91,911,1.9510140419006348,22.868280029296894,43.002717921822565
6831,2014,10,12,15,30,582,81,858,2.146648645401001,22.116906738281273,54.31630369026318
6832,2014,10,12,16,30,364,66,758,2.3545477390289307,21.015069580078148,66.92014181319689
6833,2014,10,12,17,30,134,34,584,2.4818711280822754,19.594110107421894,80.18464258996966
6834,2014,10,12,18,30,0,0,0,2.5469560623168945,18.424157714843773,93.79815003749715
6835,2014,10,12,19,30,0,0,0,2.50472354888916,17.711145019531273,107.57566584428386
6836,2014,10,12,20,30,0,0,0,2.386098861694336,17.428765869140648,121.3758006193844
6837,2014,10,12,21,30,0,0,0,2.2040395736694336,17.492028808593773,135.0233450329392
6838,2014,10,12,22,30,0,0,0,2.024887561798096,17.493829345703148,148.15533045929232
6839,2014,10,12,23,30,0,0,0,1.9083271026611328,17.456201171875026,159.59211707464374
6840,2014,10,13,0,30,0,0,0,1.8264124393463133,17.454461669921898,164.7269333001611
6841,2014,10,13,1,30,0,0,0,1.7497122287750244,17.417565917968773,158.42923983434602
6842,2014,10,13,2,30,0,0,0,1.70461905002594,17.313256835937526,146.66388305480132
6843,2014,10,13,3,30,0,0,0,1.746349811553955,17.185968017578148,133.44246407844682
6844,2014,10,13,4,30,0,0,0,1.8913888931274412,16.984368896484398,119.77182911817916
6845,2014,10,13,5,30,0,0,0,2.1271932125091557,16.541131591796898,105.97759138991564
6846,2014,10,13,6,30,0,0,0,2.372612953186035,16.646020507812526,92.2272130419468
6847,2014,10,13,7,30,149,48,512,2.3858585357666016,18.210137939453148,78.66536521580237
6848,2014,10,13,8,30,383,70,753,2.2410614490509038,20.921929931640648,65.48968399717053
6849,2014,10,13,9,30,599,83,857,2.058682918548584,23.836480712890648,53.042103271250745
6850,2014,10,13,10,30,768,91,911,1.827715277671814,26.095452880859398,42.017662295925845
6851,2014,10,13,11,30,876,96,939,1.8235440254211424,27.112664794921894,33.86796271678511
6852,2014,10,13,12,30,911,97,948,2.201274871826172,27.00008544921877,30.971392833438106
6853,2014,10,13,13,30,869,95,940,2.8273301124572754,26.276361083984398,34.675286373819546
6854,2014,10,13,14,30,621,276,473,3.506594181060791,25.181878662109398,43.31397569545364
6855,2014,10,13,15,30,579,81,859,4.106437683105469,23.772637939453148,54.582431659517546
6856,2014,10,13,16,30,10,10,0,4.350571632385254,21.970635986328148,67.15383986723164
6857,2014,10,13,17,30,131,33,588,4.173674583435059,19.983605957031273,80.39663681451955
6858,2014,10,13,18,30,0,0,0,3.819371938705444,18.290277099609398,93.99693752119852
6859,2014,10,13,19,30,0,0,0,3.439643383026123,17.009667968750026,107.76875230386969
6860,2014,10,13,20,30,0,0,0,3.0838308334350586,15.950830078125026,121.57149599705288
6861,2014,10,13,21,30,0,0,0,2.80588960647583,15.058557128906275,135.23353748915667
6862,2014,10,13,22,30,0,0,0,2.668430805206299,14.3425231933594,148.40148757409906
6863,2014,10,13,23,30,0,0,0,2.641256332397461,13.75628051757815,159.9146090454421
6864,2014,10,14,0,30,0,0,0,2.6238529682159424,13.256188964843775,165.09590024230022
6865,2014,10,14,1,30,0,0,0,2.5630061626434326,12.798852539062526,158.65841820014523
6866,2014,10,14,2,30,0,0,0,2.549313306808472,12.4005065917969,146.80205936769178
6867,2014,10,14,3,30,0,0,0,2.5952162742614746,12.078393554687526,133.54238742408944
6868,2014,10,14,4,30,0,0,0,2.6025660037994385,11.747705078125026,119.85728132732991
6869,2014,10,14,5,30,0,0,0,2.5812153816223145,11.42388305664065,106.0614789711352
6870,2014,10,14,6,30,0,0,0,2.5272927284240723,11.896508789062526,92.3187894912607
6871,2014,10,14,7,30,154,50,534,2.4112653732299805,13.53582153320315,78.77345713829482
6872,2014,10,14,8,30,394,71,781,2.2833471298217773,15.571740722656275,65.6249489196575
6873,2014,10,14,9,30,614,84,884,2.0908069610595703,17.629357910156273,53.21924901598332
6874,2014,10,14,10,30,785,92,935,1.891151428222656,19.508905029296894,42.256814837497934
6875,2014,10,14,11,30,891,97,960,1.932650685310364,20.749139404296894,34.18613203074781
6876,2014,10,14,12,30,923,98,966,2.1993420124053955,21.251184082031273,31.34495164368949
6877,2014,10,14,13,30,879,96,956,2.4747917652130127,21.196710205078148,35.034183599200176
6878,2014,10,14,14,30,763,91,929,2.6099090576171875,20.650994873046894,43.62316763387024
6879,2014,10,14,15,30,586,81,876,2.620713710784912,19.617730712890648,54.84650535371148
6880,2014,10,14,16,30,364,66,775,2.617394208908081,18.062463378906273,67.38526946387671
6881,2014,10,14,17,30,132,31,614,2.5781984329223637,16.181726074218773,80.60604019933676
6882,2014,10,14,18,30,0,0,0,2.4635238647460938,14.5257507324219,94.19274736703731
6883,2014,10,14,19,30,0,0,0,2.2665748596191406,13.34246215820315,107.95840813778764
6884,2014,10,14,20,30,0,0,0,1.9106683731079104,12.52874145507815,121.76321913554993
6885,2014,10,14,21,30,0,0,0,1.4621288776397705,11.95549926757815,135.43910137439974
6886,2014,10,14,22,30,0,0,0,1.1505393981933594,11.44451293945315,148.6423400247176
6887,2014,10,14,23,30,0,0,0,1.1452715396881104,10.9499450683594,160.23228234802718
6888,2014,10,15,0,30,0,0,0,1.392728567123413,10.535668945312525,165.4627101538914
6889,2014,10,15,1,30,0,0,0,1.7289700508117676,10.202478027343775,158.8838461351011
6890,2014,10,15,2,30,0,0,0,2.0433886051177983,9.93389282226565,146.9380338962059
6891,2014,10,15,3,30,0,0,0,2.2578682899475098,9.739343261718775,133.64149160282352
6892,2014,10,15,4,30,0,0,0,2.350856065750122,9.5734802246094,119.94285711196994
6893,2014,10,15,5,30,0,0,0,2.327266931533813,9.409936523437525,106.14616950428288
6894,2014,10,15,6,30,0,0,0,2.1411914825439453,10.315332031250025,92.41169330675513
6895,2014,10,15,7,30,156,50,547,1.5905660390853882,12.9401794433594,78.88329413758656
6896,2014,10,15,8,30,401,72,801,0.7238246202468872,16.517724609375026,65.76226631203136
6897,2014,10,15,9,30,625,85,905,0.5496189594268799,19.351770019531273,53.39854747791916
6898,2014,10,15,10,30,799,93,957,1.0123918056488037,20.772698974609398,42.49769619729097
6899,2014,10,15,11,30,907,97,981,1.2623624801635742,21.624597167968773,34.504484396940626
6900,2014,10,15,12,30,939,98,988,1.3442230224609375,22.116876220703148,31.716560597629933
6901,2014,10,15,13,30,895,96,979,1.3478615283966064,22.228753662109398,35.39061186630471
6902,2014,10,15,14,30,777,91,952,1.3782857656478882,21.886437988281273,43.930153088132826
6903,2014,10,15,15,30,597,82,900,1.4935095310211182,21.020440673828148,55.10838822581454
6904,2014,10,15,16,30,371,66,801,1.7511775493621826,19.464379882812523,67.61430326079679
6905,2014,10,15,17,30,134,29,653,2.1273422241210938,17.075372314453148,80.81273395033678
6906,2014,10,15,18,30,0,0,0,2.3507614135742188,14.912622070312526,94.38546727632222
6907,2014,10,15,19,30,0,0,0,2.312788724899292,13.566674804687526,108.14452468105884
6908,2014,10,15,20,30,0,0,0,2.1218404769897456,12.430932617187526,121.95086023190565
6909,2014,10,15,21,30,0,0,0,1.7889370918273926,11.441125488281275,135.63991527517584
6910,2014,10,15,22,30,0,0,0,1.3615241050720217,10.58733520507815,148.87772732790162
6911,2014,10,15,23,30,0,0,0,1.1168839931488037,9.864038085937525,160.54490251437824
6912,2014,10,16,0,30,0,0,0,1.310683012008667,9.57720336914065,165.8272693516095
6913,2014,10,16,1,30,0,0,0,1.7475907802581787,9.8964782714844,159.10549192227563
6914,2014,10,16,2,30,0,0,0,2.075385570526123,10.3975769042969,147.07185501356673
6915,2014,10,16,3,30,0,0,0,2.288754940032959,10.5771423339844,133.73983312896132
6916,2014,10,16,4,30,0,0,0,2.5179989337921143,10.098474121093775,120.02860549891787
6917,2014,10,16,5,30,0,0,0,2.8088526725769043,9.146142578125025,106.2317001183837
6918,2014,10,16,6,30,0,0,0,2.9741899967193604,9.3780456542969,92.50594652261942
6919,2014,10,16,7,30,161,51,576,2.7260546684265137,11.776879882812526,78.99487865767328
6920,2014,10,16,8,30,414,73,835,2.22587513923645,15.47026977539065,65.901611744674
6921,2014,10,16,9,30,643,86,938,1.7411792278289795,19.114587402343773,53.57993599109209
6922,2014,10,16,10,30,819,94,987,1.2807718515396118,22.126611328125023,42.74019416730799
6923,2014,10,16,11,30,927,98,1009,0.9026920199394226,24.275598144531273,34.822876585869714
6924,2014,10,16,12,30,958,99,1013,0.6418910026550293,25.286889648437523,32.08610026842618
6925,2014,10,16,13,30,911,97,1002,0.4851943254470825,25.463494873046894,35.744445522189565
6926,2014,10,16,14,30,789,92,973,0.5779818892478943,24.977258300781273,44.234792687237366
6927,2014,10,16,15,30,604,82,919,1.0138134956359863,23.81502685546877,55.36794497124985
6928,2014,10,16,16,30,374,66,817,1.7014217376708984,21.782342529296894,67.84081524541881
6929,2014,10,16,17,30,133,28,676,2.2639760971069336,18.752465820312523,81.01660086078064
6930,2014,10,16,18,30,0,0,0,2.4193861484527592,16.077111816406273,94.57498691660837
6931,2014,10,16,19,30,0,0,0,2.312750816345215,14.4848571777344,108.32699572958549
6932,2014,10,16,20,30,0,0,0,2.0516998767852783,13.27056274414065,122.13431257220027
6933,2014,10,16,21,30,0,0,0,1.687733769416809,12.325585937500026,135.83586160084653
6934,2014,10,16,22,30,0,0,0,1.4154043197631836,11.649011230468775,149.10749287445464
6935,2014,10,16,23,30,0,0,0,1.4246671199798584,11.211022949218775,160.85223204438176
6936,2014,10,17,0,30,0,0,0,1.66045081615448,10.954003906250025,166.18948497665718
6937,2014,10,17,1,30,0,0,0,1.930145621299744,10.81023559570315,159.32332936096938
6938,2014,10,17,2,30,0,0,0,2.139365196228028,10.7059265136719,147.20357411428085
6939,2014,10,17,3,30,0,0,0,2.258037805557251,10.592370605468775,133.83746927840792
6940,2014,10,17,4,30,0,0,0,2.2835617065429688,10.449853515625025,120.11457503749163
6941,2014,10,17,5,30,0,0,0,2.2364983558654785,10.31109008789065,106.31810662567612
6942,2014,10,17,6,30,0,0,0,2.1247501373291016,11.360925292968775,92.60156917445894
6943,2014,10,17,7,30,156,50,557,1.8491134643554688,14.273706054687526,79.10821053793097
6944,2014,10,17,8,30,403,72,815,1.35723876953125,17.653710937500023,66.04295768548066
6945,2014,10,17,9,30,628,85,917,0.9597980380058287,20.900323486328148,53.76334865361912
6946,2014,10,17,10,30,801,93,967,0.9054763317108154,23.331567382812523,42.98419427932849
6947,2014,10,17,11,30,907,97,989,0.9864533543586732,24.54207763671877,35.14116537071907
6948,2014,10,17,12,30,937,98,994,1.0325913429260254,25.184991455078148,32.45345135525018
6949,2014,10,17,13,30,890,96,983,1.0761756896972656,25.321771240234398,36.09555966309392
6950,2014,10,17,14,30,771,91,953,1.1456314325332642,24.95247802734377,44.536948373663385
6951,2014,10,17,15,30,588,81,898,1.3011209964752195,24.059442138671894,55.62504159535914
6952,2014,10,17,16,30,362,65,795,1.7059180736541748,22.451470947265648,68.06468081857709
6953,2014,10,17,17,30,126,27,653,2.2285494804382324,19.889947509765648,81.21752540499548
6954,2014,10,17,18,30,0,0,0,2.52701187133789,17.553796386718773,94.76119802545936
6955,2014,10,17,19,30,0,0,0,2.584716320037842,16.119470214843773,108.50571765940006
6956,2014,10,17,20,30,0,0,0,2.5023982524871826,15.1796813964844,122.31347268085725
6957,2014,10,17,21,30,0,0,0,2.303884506225586,15.24285278320315,136.02682680319066
6958,2014,10,17,22,30,0,0,0,2.0345621109008794,15.8312927246094,149.3314843293937
6959,2014,10,17,23,30,0,0,0,1.7937167882919312,16.038720703125026,161.15403069640482
6960,2014,10,18,0,30,0,0,0,1.593698024749756,16.055017089843773,166.549265031973
6961,2014,10,18,1,30,0,0,0,1.444994568824768,16.062829589843773,159.53733791220088
6962,2014,10,18,2,30,0,0,0,1.3177921772003174,15.9581237792969,147.3332454892051
6963,2014,10,18,3,30,0,0,0,1.1786742210388184,15.69146118164065,133.93445796359876
6964,2014,10,18,4,30,0,0,0,1.0916361808776855,15.288476562500026,120.2008136951902
6965,2014,10,18,5,30,0,0,0,1.0422120094299316,14.866784667968775,106.40542343568714
6966,2014,10,18,6,30,0,0,0,0.972897171974182,14.764428710937526,92.69857923261664
6967,2014,10,18,7,30,147,49,525,0.8271715641021729,15.44500122070315,79.22328697179009
6968,2014,10,18,8,30,386,71,780,0.670785665512085,17.087518310546898,66.18627349796371
6969,2014,10,18,9,30,604,84,884,0.7772654294967651,19.263146972656273,53.948716386769036
6970,2014,10,18,10,30,774,92,936,1.0846972465515137,21.416162109375023,43.229579922277075
6971,2014,10,18,11,30,878,96,959,1.2649163007736206,22.963830566406273,35.45920758672373
6972,2014,10,18,12,30,908,97,964,1.3432375192642212,23.72347412109377,32.81849471272501
6973,2014,10,18,13,30,862,95,953,1.4902267456054688,23.908502197265648,36.4438301532701
6974,2014,10,18,14,30,744,89,923,1.7740323543548584,23.42220458984377,44.836483439628985
6975,2014,10,18,15,30,565,80,865,2.157989025115967,22.367700195312523,55.879545480706504
6976,2014,10,18,16,30,344,64,756,2.499407291412353,20.857629394531273,68.28577687797295
6977,2014,10,18,17,30,116,26,604,2.5808701515197754,19.097924804687523,81.41539383186291
6978,2014,10,18,18,30,0,0,0,2.5134525299072266,18.028283691406273,94.94399451372641
6979,2014,10,18,19,30,0,0,0,2.607460021972656,17.885339355468773,108.68058954503715
6980,2014,10,18,20,30,0,0,0,2.657628536224365,17.687036132812523,122.48824046848371
6981,2014,10,18,21,30,0,0,0,2.4799938201904297,17.346948242187526,136.21270159483788
6982,2014,10,18,22,30,0,0,0,2.289699077606201,17.130883789062526,149.54955404165898
6983,2014,10,18,23,30,0,0,0,2.1526131629943848,16.792230224609398,161.45005584197537
6984,2014,10,19,0,30,0,0,0,1.9627852439880369,16.425500488281273,166.90651842036337
6985,2014,10,19,1,30,0,0,0,1.7374895811080933,16.220574951171898,159.74750283313404
6986,2014,10,19,2,30,0,0,0,1.5067455768585205,16.084405517578148,147.46092619358825
6987,2014,10,19,3,30,0,0,0,1.3141474723815918,15.86553344726565,134.03085760708404
6988,2014,10,19,4,30,0,0,0,1.2739825248718262,15.5510192871094,120.28736875361595
6989,2014,10,19,5,30,0,0,0,1.338155746459961,15.2269226074219,106.4936834707111
6990,2014,10,19,6,30,0,0,0,1.38710355758667,15.13067016601565,92.7969925378128
6991,2014,10,19,7,30,139,47,498,1.41350519657135,15.702355957031275,79.34010246887252
6992,2014,10,19,8,30,113,113,0,1.584526538848877,16.900354003906273,66.33152544356629
6993,2014,10,19,9,30,336,272,108,1.9114422798156736,18.335961914062523,54.13596699776862
6994,2014,10,19,10,30,431,350,111,2.215179443359375,19.501489257812523,43.47623245899453
6995,2014,10,19,11,30,307,287,24,2.3931200504302983,20.279351806640648,35.77686018829198
6996,2014,10,19,12,30,530,416,136,2.4712512493133545,20.781884765625023,33.18111138162266
6997,2014,10,19,13,30,838,94,929,2.554948329925537,20.837365722656273,36.78913364597993
6998,2014,10,19,14,30,409,335,104,2.72202205657959,20.434228515625023,45.133262563989156
6999,2014,10,19,15,30,350,257,166,2.9551916122436523,19.658929443359398,56.131325454080866
7000,2014,10,19,16,30,266,133,363,3.1064584255218506,18.541375732421894,68.50398190127905
7001,2014,10,19,17,30,5,5,0,3.03837251663208,17.257287597656273,81.61009425793046
7002,2014,10,19,18,30,0,0,0,2.93066930770874,16.572290039062526,95.12327256806564
7003,2014,10,19,19,30,0,0,0,2.9151721000671387,16.449822998046898,108.85151327660331
7004,2014,10,19,20,30,0,0,0,2.827725887298584,16.287286376953148,122.65851937766796
7005,2014,10,19,21,30,0,0,0,2.601813793182373,16.123315429687526,136.39338116544792
7006,2014,10,19,22,30,0,0,0,2.31019139289856,15.9711853027344,149.76155946130643
7007,2014,10,19,23,30,0,0,0,2.0175068378448486,15.7944274902344,161.7400628910337
7008,2014,10,20,0,30,0,0,0,1.7227916717529297,15.6076599121094,167.26115498355767
7009,2014,10,20,1,30,0,0,0,1.4640347957611084,15.40020141601565,159.95381529888806
7010,2014,10,20,2,30,0,0,0,1.1728276014328003,15.22637329101565,147.5866759084314
7011,2014,10,20,3,30,0,0,0,0.8352992534637451,15.0654235839844,134.12672701394735
7012,2014,10,20,4,30,0,0,0,0.6884180307388306,14.941735839843775,120.37428670501545
7013,2014,10,20,5,30,0,0,0,0.7425382733345032,14.850671386718775,106.58291808277814
7014,2014,10,20,6,30,0,0,0,0.8034132719039917,15.037927246093775,92.89682273932492
7015,2014,10,20,7,30,137,47,492,0.8483225107192993,15.8624206542969,79.45864882062301
7016,2014,10,20,8,30,368,69,747,0.9196369051933287,16.978997802734398,66.47867668839162
7017,2014,10,20,9,30,317,266,88,1.0218288898468018,18.090142822265648,54.32502524618483
7018,2014,10,20,10,30,402,340,86,1.2069664001464844,19.180078125000023,43.72403134222875
7019,2014,10,20,11,30,211,199,14,1.492739200592041,19.986138916015648,36.09398030414672
7020,2014,10,20,12,30,516,412,124,1.7961997985839844,20.774804687500023,33.54118262080905
7021,2014,10,20,13,30,834,94,928,2.1075267791748047,21.140039062500023,37.131347606551145
7022,2014,10,20,14,30,719,88,899,2.413536548614502,20.688562011718773,45.427151849776315
7023,2014,10,20,15,30,545,79,841,2.6726837158203125,19.889154052734398,56.38025185316074
7024,2014,10,20,16,30,328,63,731,2.763623714447021,18.775720214843773,68.71917602884366
7025,2014,10,20,17,30,107,43,446,2.6855223178863525,17.684991455078148,81.80151676000455
7026,2014,10,20,18,30,0,0,0,2.718489170074463,17.108422851562526,95.2989307527657
7027,2014,10,20,19,30,0,0,0,2.7877564430236816,16.908044433593773,109.0183936755165
7028,2014,10,20,20,30,0,0,0,2.788565158843994,16.652490234375026,122.82421652638911
7029,2014,10,20,21,30,0,0,0,2.778555154800415,16.286218261718773,136.5687653947254
7030,2014,10,20,22,30,0,0,0,2.606102466583252,15.9470153808594,149.96736356210928
7031,2014,10,20,23,30,0,0,0,2.3446364402771,15.61174926757815,162.02380579447382
7032,2014,10,21,0,30,0,0,0,2.0781092643737797,15.2637878417969,167.6130855420896
7033,2014,10,21,1,30,0,0,0,1.7905069589614868,15.0795837402344,160.15627251025322
7034,2014,10,21,2,30,0,0,0,1.4080557823181152,15.05352172851565,147.71055679534962
7035,2014,10,21,3,30,0,0,0,1.0026839971542358,15.076196289062526,134.22212524330465
7036,2014,10,21,4,30,0,0,0,0.8408337831497192,15.06487426757815,120.46161314945236
7037,2014,10,21,5,30,0,0,0,0.8928015232086182,14.98809204101565,106.67315697225678
7038,2014,10,21,6,30,0,0,0,1.0182937383651731,15.312341308593775,92.99808123558829
7039,2014,10,21,7,30,76,66,59,1.2114936113357544,16.450097656250026,79.5789150693316
7040,2014,10,21,8,30,207,171,92,1.4902575016021729,17.900842285156273,66.62768731385131
7041,2014,10,21,9,30,370,275,165,1.7669851779937744,19.218164062500023,54.515812913503396
7042,2014,10,21,10,30,749,90,915,1.9880356788635252,20.375573730468773,43.97285422967513
7043,2014,10,21,11,30,397,356,50,2.1604623794555664,21.326654052734398,36.41042529077539
7044,2014,10,21,12,30,720,322,480,2.290128231048584,21.994897460937523,33.89858994050524
7045,2014,10,21,13,30,685,308,475,2.40537691116333,22.196069335937523,37.470350337532714
7046,2014,10,21,14,30,452,341,159,2.551861047744751,21.856927490234398,45.71801886260776
7047,2014,10,21,15,30,282,244,69,2.7353432178497314,21.056268310546894,56.62619659312113
7048,2014,10,21,16,30,228,150,218,2.8162412643432617,19.772760009765648,68.93124114608383
7049,2014,10,21,17,30,71,57,100,2.69407320022583,18.135888671875023,81.98955346725369
7050,2014,10,21,18,30,0,0,0,2.468942880630493,16.983819580078148,95.4708701105134
7051,2014,10,21,19,30,0,0,0,2.213539123535156,16.403833007812526,109.18113860842726
7052,2014,10,21,20,30,0,0,0,2.0055007934570312,15.8140808105469,122.98524284852823
7053,2014,10,21,21,30,0,0,0,1.86600399017334,15.498742675781275,136.73875906138932
7054,2014,10,21,22,30,0,0,0,1.6819300651550293,15.5468688964844,150.16683526734684
7055,2014,10,21,23,30,0,0,0,1.4599533081054688,15.547265625000026,162.30103763038278
7056,2014,10,22,0,30,0,0,0,1.2648458480834959,15.4206481933594,167.96222193605803
7057,2014,10,22,1,30,0,0,0,1.0998787879943848,15.2838073730469,160.35487778615544
7058,2014,10,22,2,30,0,0,0,0.8979225754737854,15.243981933593775,147.8326333455322
7059,2014,10,22,3,30,0,0,0,0.6840019226074219,15.228173828125026,134.3171114789326
7060,2014,10,22,4,30,0,0,0,0.6016137599945068,15.0698181152344,120.54939269263964
7061,2014,10,22,5,30,0,0,0,0.6512928605079651,14.810937500000026,106.76442810804704
7062,2014,10,22,6,30,0,0,0,0.7587136030197144,14.7631774902344,93.10077711740408
7063,2014,10,22,7,30,135,47,493,0.7592418193817139,15.68169555664065,79.70088748068979
7064,2014,10,22,8,30,150,143,19,0.6195898056030273,17.983544921875023,66.77851433157964
7065,2014,10,22,9,30,241,224,28,0.6779452562332153,20.337243652343773,54.70824887595013
7066,2014,10,22,10,30,495,352,200,0.9679753184318542,21.781854248046894,44.22257709793377
7067,2014,10,22,11,30,622,380,301,1.2454843521118164,22.67269287109377,36.7260527842406
7068,2014,10,22,12,30,427,378,59,1.499135971069336,23.052117919921894,34.253215136753155
7069,2014,10,22,13,30,518,394,156,1.78670334815979,22.945245361328148,37.80602100584976
7070,2014,10,22,14,30,359,314,64,2.0868816375732417,22.336511230468773,46.00573266988991
7071,2014,10,22,15,30,225,211,25,2.3920235633850098,21.340600585937523,56.86903323297871
7072,2014,10,22,16,30,326,63,738,2.6444721221923833,20.014855957031273,69.14006096544922
7073,2014,10,22,17,30,79,54,180,2.6979849338531494,18.505212402343773,82.1740986526252
7074,2014,10,22,18,30,0,0,0,2.567093849182129,17.342675781250026,95.63899426201651
7075,2014,10,22,19,30,0,0,0,2.478236675262451,16.885125732421898,109.33965909912952
7076,2014,10,22,20,30,0,0,0,2.440912961959839,16.930871582031273,123.14151323089355
7077,2014,10,22,21,30,0,0,0,2.2930121421813965,16.867364501953148,136.90327204688035
7078,2014,10,22,22,30,0,0,0,2.0975680351257324,16.649316406250026,150.3598498759143
7079,2014,10,22,23,30,0,0,0,1.9264879226684568,16.449334716796898,162.57151127992242
7080,2014,10,23,0,30,0,0,0,1.755748987197876,16.229699707031273,168.3084770667059
7081,2014,10,23,1,30,0,0,0,1.5798406600952148,16.083398437500026,160.54964063932752
7082,2014,10,23,2,30,0,0,0,1.4163669347763062,16.010583496093773,147.95297222296455
7083,2014,10,23,3,30,0,0,0,1.2790185213088991,15.926538085937526,134.4117448994715
7084,2014,10,23,4,30,0,0,0,1.1106888055801392,15.85161743164065,120.63766884480131
7085,2014,10,23,5,30,0,0,0,0.924008011817932,15.83257446289065,106.85675764971695
7086,2014,10,23,6,30,0,0,0,0.8048804998397827,15.97393188476565,93.20491711394293
7087,2014,10,23,7,30,74,64,57,0.7667708396911621,16.494531250000026,79.8245495200221
7088,2014,10,23,8,30,204,168,92,0.8111266493797302,17.485589599609398,66.93111170240822
7089,2014,10,23,9,30,324,266,100,0.9989428520202636,18.931451416015648,54.90224918026225
7090,2014,10,23,10,30,242,230,17,1.2633552551269531,20.476373291015648,44.47307435535983
7091,2014,10,23,11,30,275,260,19,1.4630628824234009,21.533013916015648,37.04072075070009
7092,2014,10,23,12,30,286,269,20,1.6188187599182131,22.026330566406273,34.60494032718979
7093,2014,10,23,13,30,828,94,933,1.8076391220092771,22.025933837890648,38.1382396718875
7094,2014,10,23,14,30,482,332,216,2.0478391647338867,21.556085205078148,46.29016388083814
7095,2014,10,23,15,30,537,79,843,2.319230556488037,20.751214599609398,57.1086370418158
7096,2014,10,23,16,30,320,62,729,2.4995336532592773,19.530053710937523,69.34552110787241
7097,2014,10,23,17,30,78,52,191,2.5101687908172607,18.221063232421894,82.35504882345755
7098,2014,10,23,18,30,0,0,0,2.426879405975342,17.350518798828148,95.80320950431394
7099,2014,10,23,19,30,0,0,0,2.333251953125,17.070947265625026,109.49386943817991
7100,2014,10,23,20,30,0,0,0,2.2558627128601074,17.153253173828148,123.29294664636973
7101,2014,10,23,21,30,0,0,0,2.1588664054870605,17.081842041015648,137.06221953286214
7102,2014,10,23,22,30,0,0,0,2.008354902267456,16.862145996093773,150.54628948622502
7103,2014,10,23,23,30,0,0,0,1.843404054641724,16.701257324218773,162.83498019847926
7104,2014,10,24,0,30,0,0,0,1.6697397232055664,16.528436279296898,168.65176493870547
7105,2014,10,24,1,30,0,0,0,1.4724032878875732,16.350152587890648,160.74057683395148
7106,2014,10,24,2,30,0,0,0,1.2791225910186768,16.147058105468773,148.07164210232926
7107,2014,10,24,3,30,0,0,0,1.1547636985778809,15.96782836914065,134.5060845481728
7108,2014,10,24,4,30,0,0,0,1.1144979000091553,15.891503906250026,120.7264839204549
7109,2014,10,24,5,30,0,0,0,1.0204650163650513,15.832543945312526,106.95016987145958
7110,2014,10,24,6,30,0,0,0,0.8472459316253662,15.87334594726565,93.31050554144493
7111,2014,10,24,7,30,129,46,476,0.6143092513084412,16.405877685546898,79.94988183201698
7112,2014,10,24,8,30,359,69,743,0.532760500907898,17.572900390625026,67.08543035924376
7113,2014,10,24,9,30,238,222,29,0.8080164790153503,18.621209716796894,55.09772712214068
7114,2014,10,24,10,30,308,284,33,1.2086474895477295,19.390161132812523,44.72421895365075
7115,2014,10,24,11,30,351,323,34,1.522054672241211,20.283502197265648,37.354287535793254
7116,2014,10,24,12,30,871,96,946,1.7343871593475342,21.204858398437523,34.953647988060496
7117,2014,10,24,13,30,292,276,21,1.883389115333557,21.705987548828148,38.46688732051754
7118,2014,10,24,14,30,713,88,908,2.049368143081665,21.549890136718773,46.57118468746628
7119,2014,10,24,15,30,179,175,6,2.28359603881836,20.903985595703148,57.34488506492611
7120,2014,10,24,16,30,148,138,30,2.475927352905273,19.624566650390648,69.54750918384366
7121,2014,10,24,17,30,101,42,448,2.545668601989746,18.063592529296894,82.5323028112631
7122,2014,10,24,18,30,0,0,0,2.480811595916748,16.916375732421898,95.9634249074632
7123,2014,10,24,19,30,0,0,0,2.3151228427886963,16.252893066406273,109.64368728979473
7124,2014,10,24,20,30,0,0,0,2.1853485107421875,15.9539733886719,123.4394662825187
7125,2014,10,24,21,30,0,0,0,2.1355738639831543,15.8250671386719,137.21552219142953
7126,2014,10,24,22,30,0,0,0,2.0691399574279785,15.57964477539065,150.72604341471256
7127,2014,10,24,23,30,0,0,0,1.9150186777114868,15.298547363281275,163.0911992865041
7128,2014,10,25,0,30,0,0,0,1.710468053817749,15.1146179199219,168.99200070317508
7129,2014,10,25,1,30,0,0,0,1.4080569744110107,14.9645935058594,160.9277084242492
7130,2014,10,25,2,30,0,0,0,1.0338352918624878,14.863061523437526,148.1887135022019
7131,2014,10,25,3,30,0,0,0,0.7088437080383301,14.8731628417969,134.60018920254106
7132,2014,10,25,4,30,0,0,0,0.5276148915290833,14.774560546875026,120.81587893939935
7133,2014,10,25,5,30,0,0,0,0.5615689158439636,14.581323242187526,107.04468708808088
7134,2014,10,25,6,30,0,0,0,0.660121738910675,14.772851562500026,93.41754425480794
7135,2014,10,25,7,30,134,47,503,0.6052030324935913,15.846582031250026,80.07686222423735
7136,2014,10,25,8,30,372,70,779,0.4257560670375824,17.274804687500026,67.24141823412846
7137,2014,10,25,9,30,591,84,890,0.3504848480224609,18.589410400390648,55.294593327529704
7138,2014,10,25,10,30,761,92,945,0.456504762172699,19.932824707031273,44.975882498206694
7139,2014,10,25,11,30,534,404,163,0.592411994934082,21.482354736328148,37.66661191303208
7140,2014,10,25,12,30,895,97,976,0.7184933423995972,22.699945068359398,35.29922099247083
7141,2014,10,25,13,30,848,95,965,0.9179176688194276,23.093682861328148,38.79184589393415
7142,2014,10,25,14,30,729,89,935,1.184861660003662,22.93489990234377,46.848668906368474
7143,2014,10,25,15,30,550,80,876,1.4948060512542725,22.131280517578148,57.57765618971618
7144,2014,10,25,16,30,328,63,765,1.888734579086304,20.627221679687523,69.74591487377647
7145,2014,10,25,17,30,103,43,472,2.33410120010376,18.431634521484398,82.70576186043387
7146,2014,10,25,18,30,0,0,0,2.606384038925171,16.536889648437526,96.11955240970151
7147,2014,10,25,19,30,0,0,0,2.582852840423584,15.31853637695315,109.78903379605484
7148,2014,10,25,20,30,0,0,0,2.4133150577545166,14.285241699218775,123.58099966545107
7149,2014,10,25,21,30,0,0,0,2.218398094177246,14.05156860351565,137.36310636697894
7150,2014,10,25,22,30,0,0,0,1.9918025732040403,14.52105102539065,150.89900860590333
7151,2014,10,25,23,30,0,0,0,1.7293741703033447,14.697290039062526,163.3399258635281
7152,2014,10,26,0,30,0,0,0,1.4631059169769287,14.580773925781275,169.32910070118436
7153,2014,10,26,1,30,0,0,0,1.2687785625457764,14.590051269531275,161.11106377251318
7154,2014,10,26,2,30,0,0,0,1.218916416168213,14.66607055664065,148.30425861345998
7155,2014,10,26,3,30,0,0,0,1.2727680206298828,14.67705688476565,134.6941172438078
7156,2014,10,26,4,30,0,0,0,1.3548507690429688,14.68950805664065,120.90589352877883
7157,2014,10,26,5,30,0,0,0,1.4459559917449951,14.693444824218775,107.1403295830266
7158,2014,10,26,6,30,0,0,0,1.5102150440216064,14.648767089843775,93.52603260203092
7159,2014,10,26,7,30,132,47,501,1.5368871688842771,15.1442810058594,80.20546565409255
7160,2014,10,26,8,30,371,70,781,1.4711824655532837,16.548822021484398,67.39902028888726
7161,2014,10,26,9,30,590,84,893,1.283592700958252,18.335931396484398,55.49275583601041
7162,2014,10,26,10,30,762,92,950,1.0067627429962158,20.174340820312523,45.227935356960195
7163,2014,10,26,11,30,868,96,978,0.6150758266448975,21.898400878906273,37.97755313137989
7164,2014,10,26,12,30,899,98,986,0.3333575129508972,23.114862060546894,35.64154264993619
7165,2014,10,26,13,30,853,95,976,0.5983685851097107,23.410150146484398,39.112998326354244
7166,2014,10,26,14,30,734,90,946,1.1629190444946291,22.792932128906273,47.122492021575525
7167,2014,10,26,15,30,552,80,887,1.6223763227462769,21.588800048828148,57.806831211685676
7168,2014,10,26,16,30,328,63,774,2.0473074913024902,19.853448486328148,69.94063000799655
7169,2014,10,26,17,30,102,42,478,2.375186920166016,17.728997802734398,82.87532971598606
7170,2014,10,26,18,30,0,0,0,2.450438976287842,16.015740966796898,96.27150691049404
7171,2014,10,26,19,30,0,0,0,2.288947105407715,14.9337097167969,109.92983367760185
7172,2014,10,26,20,30,0,0,0,2.0707979202270512,14.402551269531275,123.71747877794657
7173,2014,10,26,21,30,0,0,0,1.8896727561950684,14.37615356445315,137.50490424853606
7174,2014,10,26,22,30,0,0,0,1.7361402511596682,14.3424011230469,151.0650900305814
7175,2014,10,26,23,30,0,0,0,1.6618834733963013,14.276757812500026,163.58092074701503
7176,2014,10,27,0,30,0,0,0,1.6411311626434326,14.23601684570315,169.66298250773463
7177,2014,10,27,1,30,0,0,0,1.5820066928863523,14.053979492187526,161.29067754605876
7178,2014,10,27,2,30,0,0,0,1.5399512052536009,13.8371520996094,148.41835112401537
7179,2014,10,27,3,30,0,0,0,1.5547440052032468,13.690698242187526,134.7879265268248
7180,2014,10,27,4,30,0,0,0,1.6112618446350098,13.56731567382815,120.99656582674558
7181,2014,10,27,5,30,0,0,0,1.7274842262268066,13.119104003906275,107.23711553868506
7182,2014,10,27,6,30,0,0,0,1.9101829528808596,12.722619628906275,93.63596738178705
7183,2014,10,27,7,30,133,47,508,2.0019667148590092,13.71099243164065,80.33566421969792
7184,2014,10,27,8,30,373,71,792,1.898761749267578,16.176354980468773,67.55817854980441
7185,2014,10,27,9,30,594,84,904,1.5806844234466553,19.189050292968773,55.69212018676074
7186,2014,10,27,10,30,765,92,959,1.0160369873046875,22.123010253906273,45.480246768037155
7187,2014,10,27,11,30,870,97,985,0.3692905306816101,24.428735351562523,38.286970962274545
7188,2014,10,27,12,30,901,98,992,0.34684357047080994,25.455255126953148,35.98049674711582
7189,2014,10,27,13,30,854,96,982,0.8950234055519104,25.346246337890648,39.430228580381325
7190,2014,10,27,14,30,734,90,951,1.4065934419631958,24.652154541015648,47.392531228153146
7191,2014,10,27,15,30,552,80,892,1.925843954086304,23.40706787109377,58.03229290006579
7192,2014,10,27,16,30,327,63,777,2.3590595722198486,21.357446289062523,70.13154864582961
7193,2014,10,27,17,30,100,42,479,2.582269191741944,18.624688720703148,83.04091270982752
7194,2014,10,27,18,30,0,0,0,2.525064706802368,16.417016601562526,96.41920636155079
7195,2014,10,27,19,30,0,0,0,2.219490528106689,15.16021118164065,110.06601533096571
7196,2014,10,27,20,30,0,0,0,1.8280417919158936,14.990441894531275,123.84884017176316
7197,2014,10,27,21,30,0,0,0,1.4358744621276855,15.545007324218775,137.64085403165973
7198,2014,10,27,22,30,0,0,0,1.2299411296844482,15.87151489257815,151.22420106882592
7199,2014,10,27,23,30,0,0,0,1.201440691947937,15.79522094726565,163.81394943602032
7200,2014,10,28,0,30,0,0,0,1.207576036453247,15.5974060058594,169.99356497595414
7201,2014,10,28,1,30,0,0,0,1.2481331825256348,15.671960449218775,161.46659069187143
7202,2014,10,28,2,30,0,0,0,1.278923511505127,15.690637207031275,148.53106603964892
7203,2014,10,28,3,30,0,0,0,1.2918386459350586,15.5814147949219,134.88167425021157
7204,2014,10,28,4,30,0,0,0,1.2808303833007812,15.512231445312526,121.08793238744762
7205,2014,10,28,5,30,0,0,0,1.2370994091033936,15.425378417968775,107.33506096893505
7206,2014,10,28,6,30,0,0,0,1.1802821159362793,15.4504333496094,93.74734280390877
7207,2014,10,28,7,30,128,46,493,1.133917212486267,15.9725280761719,80.46742715434695
7208,2014,10,28,8,30,365,70,778,1.0773062705993652,17.040002441406273,67.71883214598864
7209,2014,10,28,9,30,583,84,890,0.9813818335533142,18.427484130859398,55.89258950644447
7210,2014,10,28,10,30,753,92,946,0.8344784379005432,20.031610107421894,45.73268494586935
7211,2014,10,28,11,30,857,96,973,0.6498299837112427,21.937249755859398,38.59472574607413
7212,2014,10,28,12,30,888,97,980,0.5247772932052612,23.550805664062523,36.315967589788926
7213,2014,10,28,13,30,841,95,970,0.7155606150627136,24.248956298828148,39.74342168510113
7214,2014,10,28,14,30,722,89,939,1.1736775636672974,24.082971191406273,47.65866547678886
7215,2014,10,28,15,30,542,79,879,1.6503360271453855,23.145410156250023,58.253926063410866
7216,2014,10,28,16,30,320,62,764,2.0990312099456787,21.460687255859398,70.3185671540565
7217,2014,10,28,17,30,97,42,463,2.4441206455230717,19.090356445312523,83.20241984573241
7218,2014,10,28,18,30,0,0,0,2.5630016326904297,17.146569824218773,96.56257185556095
7219,2014,10,28,19,30,0,0,0,2.446478843688965,16.440911865234398,110.19751092208848
7220,2014,10,28,20,30,0,0,0,2.2128076553344727,16.426263427734398,123.97502507350887
7221,2014,10,28,21,30,0,0,0,2.020620346069336,16.416589355468773,137.7709000687944
7222,2014,10,28,22,30,0,0,0,1.8702847957611084,16.199639892578148,151.37626387432223
7223,2014,10,28,23,30,0,0,0,1.6721514463424685,15.952416992187526,164.03878339724503
7224,2014,10,29,0,30,0,0,0,1.4591292142868042,15.80999145507815,170.32076828127052
7225,2014,10,29,1,30,0,0,0,1.2025489807128906,15.56096801757815,161.6388503882756
7226,2014,10,29,2,30,0,0,0,0.9169188737869264,15.142114257812526,148.64247950165262
7227,2014,10,29,3,30,0,0,0,0.7729011774063109,14.9433532714844,134.97541682694947
7228,2014,10,29,4,30,0,0,0,0.8045000433921814,14.819787597656275,121.1800280876232
7229,2014,10,29,5,30,0,0,0,0.9475966095924376,14.363183593750026,107.43417965404291
7230,2014,10,29,6,30,0,0,0,1.1373801231384275,14.32952270507815,93.86015045312529
7231,2014,10,29,7,30,127,47,494,1.0381608009338381,15.468530273437526,80.6007208246877
7232,2014,10,29,8,30,365,70,782,0.6212477684020996,17.327691650390648,67.88091735126815
7233,2014,10,29,9,30,583,84,894,0.35679423809051514,19.241571044921894,56.09406459898775
7234,2014,10,29,10,30,751,92,948,0.566027045249939,20.836450195312523,45.985117185833474
7235,2014,10,29,11,30,854,96,973,0.9988893270492554,22.036553955078148,38.900678438222435
7236,2014,10,29,12,30,882,97,978,1.2995868921279907,22.748712158203148,36.647840046058505
7237,2014,10,29,13,30,834,95,965,1.5055172443389893,22.87288818359377,40.052463775803076
7238,2014,10,29,14,30,715,89,934,1.6530141830444336,22.490014648437523,47.920775519284504
7239,2014,10,29,15,30,536,79,873,1.8004437685012815,21.593652343750023,58.471617615046355
7240,2014,10,29,16,30,315,62,757,2.0478973388671875,20.051446533203148,70.50158428461549
7241,2014,10,29,17,30,94,41,454,2.3539533615112305,17.890039062500023,83.35976288284385
7242,2014,10,29,18,30,0,0,0,2.5275845527648926,16.129846191406273,96.70152771228727
7243,2014,10,29,19,30,0,0,0,2.469678401947021,15.115258789062526,110.32425647550836
7244,2014,10,29,20,30,0,0,0,2.2794675827026367,14.40422973632815,124.09597948335049
7245,2014,10,29,21,30,0,0,0,2.0189270973205566,14.402795410156275,137.89499300697778
7246,2014,10,29,22,30,0,0,0,1.6950731277465818,14.727990722656275,151.52120971648844
7247,2014,10,29,23,30,0,0,0,1.4102950096130369,14.697900390625026,164.25520144826547
7248,2014,10,30,0,30,0,0,0,1.2292404174804688,14.499230957031275,170.6445139652812
7249,2014,10,30,1,30,0,0,0,1.127483367919922,14.320336914062526,161.80750997314902
7250,2014,10,30,2,30,0,0,0,1.0653911828994749,14.134118652343775,148.75266860181875
7251,2014,10,30,3,30,0,0,0,1.073273539543152,13.83513793945315,135.06920975586192
7252,2014,10,30,4,30,0,0,0,1.2064352035522459,13.454309082031275,121.27288603493601
7253,2014,10,30,5,30,0,0,0,1.4212714433670044,12.988000488281275,107.53448307807287
7254,2014,10,30,6,30,0,0,0,1.6140496730804443,12.7592712402344,93.9743792559262
7255,2014,10,30,7,30,72,58,85,1.6504275798797607,13.45305786132815,80.73550873265953
7256,2014,10,30,8,30,355,70,764,1.4133808612823486,15.43255004882815,68.04436762983525
7257,2014,10,30,9,30,570,83,877,1.043048858642578,18.430963134765648,56.296444037376354
7258,2014,10,30,10,30,735,91,931,1.0405529737472534,20.849206542968773,46.2374099676706
7259,2014,10,30,11,30,836,96,955,1.401112079620361,22.076806640625023,39.20469065518413
7260,2014,10,30,12,30,864,97,960,1.7316198348999023,22.676049804687523,36.97599959072503
7261,2014,10,30,13,30,488,390,128,1.9809455871582031,22.590081787109398,40.35724213523225
7262,2014,10,30,14,30,459,330,192,2.1409008502960205,21.951593017578148,48.178743954833145
7263,2014,10,30,15,30,207,197,20,2.236658096313477,20.899377441406273,58.68525663821482
7264,2014,10,30,16,30,305,61,735,2.323963165283203,19.449273681640648,70.6805012512327
7265,2014,10,30,17,30,89,41,428,2.3982467651367188,17.833642578125023,83.51285641730134
7266,2014,10,30,18,30,0,0,0,2.363969326019287,16.644311523437526,96.83600156202095
7267,2014,10,30,19,30,0,0,0,2.1569786071777344,15.957727050781275,110.44619195926977
7268,2014,10,30,20,30,0,0,0,1.9279420375823972,15.4171081542969,124.21165426646317
7269,2014,10,30,21,30,0,0,0,1.7575430870056152,15.245935058593775,138.0130899121678
7270,2014,10,30,22,30,0,0,0,1.553834319114685,15.312768554687526,151.65897929699145
7271,2014,10,30,23,30,0,0,0,1.320648193359375,15.2414489746094,164.4629912298105
7272,2014,10,31,0,30,0,0,0,1.0813823938369749,15.1550231933594,170.96472497894217
7273,2014,10,31,1,30,0,0,0,0.8639152646064758,15.113977050781275,161.97262884817553
7274,2014,10,31,2,30,0,0,0,0.6914480924606323,15.076562500000026,148.8617111948808
7275,2014,10,31,3,30,0,0,0,0.5547845959663391,14.93535766601565,135.16310749382177
7276,2014,10,31,4,30,0,0,0,0.587846577167511,14.603845214843775,121.36653747804328
7277,2014,10,31,5,30,0,0,0,0.8023252487182617,14.3679138183594,107.63598036877724
7278,2014,10,31,6,30,0,0,0,1.0263899564743042,14.4820495605469,94.09001545063916
7279,2014,10,31,7,30,122,46,478,1.1351295709609983,15.041772460937526,80.87175152107882
7280,2014,10,31,8,30,357,70,773,1.269498586654663,16.177392578125026,68.20911368520697
7281,2014,10,31,9,30,573,84,887,1.5520077943801882,17.872460937500023,56.49962425680645
7282,2014,10,31,10,30,740,92,941,1.8686075210571291,19.509149169921894,46.48942905723778
7283,2014,10,31,11,30,841,96,965,2.154961347579956,20.617913818359398,39.50662472024853
7284,2014,10,31,12,30,868,97,968,2.3775362968444824,21.184106445312523,37.300332350836506
7285,2014,10,31,13,30,819,95,955,2.5840728282928467,21.082269287109398,40.6576452363752
7286,2014,10,31,14,30,701,89,921,2.873323917388916,20.376641845703148,48.43245527720829
7287,2014,10,31,15,30,522,79,858,3.203998565673828,19.219750976562523,58.894734451085036
7288,2014,10,31,16,30,304,61,738,3.2964468002319336,17.643151855468773,70.85522180524806
7289,2014,10,31,17,30,88,41,430,3.1836998462677,16.121728515625026,83.66161796222757
7290,2014,10,31,18,30,0,0,0,3.0554170608520512,15.1640563964844,96.96592442601968
7291,2014,10,31,19,30,0,0,0,2.9136540889739986,14.361535644531275,110.56326136499031
7292,2014,10,31,20,30,0,0,0,2.771971702575684,13.487451171875026,124.3220052364877
7293,2014,10,31,21,30,0,0,0,2.539407253265381,13.15484008789065,138.12515437899688
7294,2014,10,31,22,30,0,0,0,2.1830081939697266,13.22722778320315,151.7895230372006
7295,2014,10,31,23,30,0,0,0,1.8286869525909424,13.162133789062526,164.6619507556064
7296,2014,11,1,0,30,0,0,0,1.5622797012329102,13.1308532714844,171.28132572455482
7297,2014,11,1,1,30,0,0,0,1.3818674087524414,13.165795898437526,162.1342723589051
7298,2014,11,1,2,30,0,0,0,1.237991452217102,13.150415039062526,148.96968570910005
7299,2014,11,1,3,30,0,0,0,1.0856606960296629,13.085412597656275,135.25716332898614
7300,2014,11,1,4,30,0,0,0,1.0779032707214355,13.086999511718775,121.46101171864292
7301,2014,11,1,5,30,0,0,0,1.244872808456421,13.18328247070315,107.73867824019031
7302,2014,11,1,6,30,0,0,0,1.5016071796417236,13.364831542968775,94.20704256092108
7303,2014,11,1,7,30,55,52,20,1.8880147933959959,13.73821411132815,81.00940698305739
7304,2014,11,1,8,30,112,112,0,2.319197177886963,14.289819335937526,68.37508351268119
7305,2014,11,1,9,30,66,66,0,2.661417007446289,14.7509704589844,56.70349964953464
7306,2014,11,1,10,30,113,113,0,2.9268312454223637,15.166833496093775,46.741039607031844
7307,2014,11,1,11,30,44,44,0,3.1280879974365234,15.778894042968775,39.80634370943315
7308,2014,11,1,12,30,72,72,0,3.241365909576416,16.350213623046898,37.620725152403274
7309,2014,11,1,13,30,296,280,21,3.2965850830078125,16.621514892578148,40.95356278662982
7310,2014,11,1,14,30,348,304,66,3.3325502872467037,16.449243164062526,48.68179592262635
7311,2014,11,1,15,30,120,120,0,3.366028308868408,15.87236938476565,59.09994467132144
7312,2014,11,1,16,30,70,70,0,3.242943286895752,14.780236816406275,71.02565231022554
7313,2014,11,1,17,30,86,39,442,3.013674020767212,13.5178161621094,83.80596802557916
7314,2014,11,1,18,30,0,0,0,2.8823537826538086,12.926293945312526,97.09123079385277
7315,2014,11,1,19,30,0,0,0,2.758612871170044,12.78008422851565,110.67541278292471
7316,2014,11,1,20,30,0,0,0,2.61359977722168,12.5455261230469,124.42699323068796
7317,2014,11,1,21,30,0,0,0,2.41093111038208,12.251489257812526,138.23115662540545
7318,2014,11,1,22,30,0,0,0,2.252649307250977,12.07000122070315,151.9128013335257
7319,2014,11,1,23,30,0,0,0,2.199551582336426,11.995874023437526,164.85189002478438
7320,2014,11,2,0,30,0,0,0,2.1261794567108154,11.754968261718775,171.59424209591083
7321,2014,11,2,1,30,0,0,0,1.9778845310211184,11.4221130371094,162.2925116505304
7322,2014,11,2,2,30,0,0,0,1.824148178100586,11.42180786132815,149.076670955196
7323,2014,11,2,3,30,0,0,0,1.7467179298400881,11.60552368164065,135.35142925526205
7324,2014,11,2,4,30,0,0,0,1.6598899364471436,11.575830078125026,121.5563360254535
7325,2014,11,2,5,30,0,0,0,1.5826635360717771,11.516625976562526,107.8425809378625
7326,2014,11,2,6,30,0,0,0,1.6228368282318115,11.734338378906275,94.32544137236813
7327,2014,11,2,7,30,115,44,461,1.7971786260604858,12.357080078125026,81.14843007490056
7328,2014,11,2,8,30,70,70,0,1.997023344039917,13.480737304687526,68.5422024549773
7329,2014,11,2,9,30,129,129,0,2.117899179458618,14.79961547851565,56.90796266099054
7330,2014,11,2,10,30,269,254,21,2.1831927299499507,15.993127441406275,46.9921062552594
7331,2014,11,2,11,30,465,387,102,2.248464107513428,17.370324707031273,40.103711497401044
7332,2014,11,2,12,30,498,406,116,2.3004398345947266,18.532250976562523,37.937065568220184
7333,2014,11,2,13,30,304,287,23,2.3561129570007324,18.875268554687523,41.244885773398856
7334,2014,11,2,14,30,360,309,78,2.4585118293762207,18.581292724609398,48.92665431848784
7335,2014,11,2,15,30,517,76,862,2.653200626373291,17.767907714843773,59.300783280489426
7336,2014,11,2,16,30,172,135,113,2.90116548538208,16.353051757812526,71.19170181545074
7337,2014,11,2,17,30,87,87,0,3.0114192962646484,14.783349609375026,83.94583018592331
7338,2014,11,2,18,30,0,0,0,3.0556063652038574,13.9376159667969,97.211858697291
7339,2014,11,2,19,30,0,0,0,3.098071575164795,13.746545410156275,110.78259847170696
7340,2014,11,2,20,30,0,0,0,3.0541725158691406,13.51323852539065,124.52658417641015
7341,2014,11,2,21,30,0,0,0,2.849860429763794,13.099694824218775,138.3310735711508
7342,2014,11,2,22,30,0,0,0,2.6547746658325195,12.9636169433594,152.02878477737832
7343,2014,11,2,23,30,0,0,0,2.604022026062012,13.011560058593775,165.03263267792113
7344,2014,11,3,0,30,0,0,0,2.5069234371185303,12.829858398437526,171.9034015159043
7345,2014,11,3,1,30,0,0,0,2.304246425628662,12.590051269531275,162.44742349958813
7346,2014,11,3,2,30,0,0,0,1.9870342016220093,12.395654296875026,149.18274593417203
7347,2014,11,3,3,30,0,0,0,1.642078161239624,12.2167907714844,135.44595584800726
7348,2014,11,3,4,30,0,0,0,1.4422568082809448,12.170434570312526,121.65253555033266
7349,2014,11,3,5,30,0,0,0,1.35402512550354,12.049829101562526,107.94769018691812
7350,2014,11,3,6,30,0,0,0,1.3385670185089111,12.027001953125026,94.44518991280624
7351,2014,11,3,7,30,94,49,298,1.4397010803222656,12.44707641601565,81.28877293298441
7352,2014,11,3,8,30,261,141,330,1.5711127519607544,13.332727050781275,68.71039326121867
7353,2014,11,3,9,30,440,226,393,1.6686147451400757,14.6401306152344,57.11290388716121
7354,2014,11,3,10,30,729,89,942,1.7395970821380615,15.80217895507815,47.24249322358634
7355,2014,11,3,11,30,666,329,442,1.81063973903656,16.821343994140648,40.398592803651795
7356,2014,11,3,12,30,584,408,223,1.8448296785354612,17.929315185546898,38.249241966790954
7357,2014,11,3,13,30,811,92,961,1.829444169998169,18.873345947265648,41.53150651091644
7358,2014,11,3,14,30,573,247,498,1.8055737018585205,19.047540283203148,49.1669209326729
7359,2014,11,3,15,30,516,76,867,1.8188989162445068,18.336175537109398,59.497148687876006
7360,2014,11,3,16,30,299,59,751,1.9604398012161253,17.118096923828148,71.35328212810738
7361,2014,11,3,17,30,86,39,457,2.20640230178833,15.589868164062526,84.08113116587363
7362,2014,11,3,18,30,0,0,0,2.354093074798584,14.54338989257815,97.3277497806793
7363,2014,11,3,19,30,0,0,0,2.3850383758544917,14.34331665039065,110.88477492244162
7364,2014,11,3,20,30,0,0,0,2.43107533454895,14.48491821289065,124.62074914828035
7365,2014,11,3,21,30,0,0,0,2.502172946929932,14.50859985351565,138.42488889955928
7366,2014,11,3,22,30,0,0,0,2.590151309967041,14.45964965820315,152.13745433713262
7367,2014,11,3,23,30,0,0,0,2.664259910583496,14.375085449218775,165.20401767459958
7368,2014,11,4,0,30,0,0,0,2.608433246612549,14.214990234375026,172.20873297044162
7369,2014,11,4,1,30,0,0,0,2.429621696472168,14.004052734375026,162.59909012173085
7370,2014,11,4,2,30,0,0,0,2.1280968189239498,13.824670410156275,149.28798964423848
7371,2014,11,4,3,30,0,0,0,1.7895662784576416,13.782067871093775,135.5407921412224
7372,2014,11,4,4,30,0,0,0,1.5881478786468506,13.78045043945315,121.74963324659934
7373,2014,11,4,5,30,0,0,0,1.4844138622283936,13.75921020507815,108.05400514298029
7374,2014,11,4,6,30,0,0,0,1.4438564777374268,13.8563171386719,94.56626343576477
7375,2014,11,4,7,30,111,43,455,1.5483417510986328,14.326623535156275,81.43038489405173
7376,2014,11,4,8,30,339,67,756,1.7342736721038818,15.1415954589844,68.87957614883857
7377,2014,11,4,9,30,447,219,423,1.88604998588562,16.122918701171898,57.31821217305894
7378,2014,11,4,10,30,709,88,919,1.9445013999938965,17.202630615234398,47.49206441356014
7379,2014,11,4,11,30,806,92,942,1.9131529331207275,18.357873535156273,40.690853238955285
7380,2014,11,4,12,30,832,93,945,1.881420373916626,19.537438964843773,38.55714356230361
7381,2014,11,4,13,30,785,91,931,1.8799129724502563,20.273034667968773,41.81331868831838
7382,2014,11,4,14,30,669,85,897,1.919823408126831,20.309136962890648,49.402488323536126
7383,2014,11,4,15,30,382,212,337,2.0165069103240967,19.716699218750023,59.688941793965846
7384,2014,11,4,16,30,243,100,452,2.1685342788696294,18.493554687500023,71.51030788411491
7385,2014,11,4,17,30,70,70,0,2.354386806488037,16.908319091796898,84.21180090313729
7386,2014,11,4,18,30,0,0,0,2.48171329498291,15.667932128906275,97.43884936752535
7387,2014,11,4,19,30,0,0,0,2.464665174484253,15.00957641601565,110.9819029170293
7388,2014,11,4,20,30,0,0,0,2.4789857864379883,14.709069824218775,124.7094644161425
7389,2014,11,4,21,30,0,0,0,2.7193751335144043,14.58660278320315,138.5125931020253
7390,2014,11,4,22,30,0,0,0,2.97622299194336,14.309350585937526,152.23880149949326
7391,2014,11,4,23,30,0,0,0,3.0428845882415767,14.006188964843775,165.36590096647996
7392,2014,11,5,0,30,0,0,0,3.058968544006348,13.890649414062526,172.510167037528
7393,2014,11,5,1,30,0,0,0,3.078526496887207,13.84490356445315,162.74759895623384
7394,2014,11,5,2,30,0,0,0,3.0432622432708736,13.756188964843775,149.39248088737003
7395,2014,11,5,3,30,0,0,0,2.9302599430084233,13.66240844726565,135.63598550629806
7396,2014,11,5,4,30,0,0,0,2.775376796722412,13.659692382812526,121.84764978963044
7397,2014,11,5,5,30,0,0,0,2.639201164245605,13.69011840820315,108.16152234601854
7398,2014,11,5,6,30,0,0,0,2.587373971939087,13.774255371093775,94.68863440750602
7399,2014,11,5,7,30,67,53,98,2.694216012954712,14.131860351562526,81.57321251924651
7400,2014,11,5,8,30,257,138,333,2.8841381072998047,15.02324829101565,69.04966886864145
7401,2014,11,5,9,30,228,212,29,3.0002408027648926,16.215356445312526,57.52377471223328
7402,2014,11,5,10,30,474,322,226,3.02880859375,17.346490478515648,47.74068350180599
7403,2014,11,5,11,30,563,361,267,3.06198787689209,18.478753662109398,40.98035935218122
7404,2014,11,5,12,30,630,388,310,3.1080660820007324,19.440820312500023,38.86066046565148
7405,2014,11,5,13,30,600,360,324,3.1269817352294917,20.007745361328148,42.090217418841064
7406,2014,11,5,14,30,549,274,424,3.057152271270752,20.070611572265648,49.63325119044113
7407,2014,11,5,15,30,405,193,422,2.8991730213165283,19.530847167968773,59.87606605328291
7408,2014,11,5,16,30,157,131,82,2.660388946533203,18.438378906250023,71.66269661739247
7409,2014,11,5,17,30,53,53,0,2.4587831497192383,17.172296142578148,84.33777261884012
7410,2014,11,5,18,30,0,0,0,2.3728415966033936,16.479791259765648,97.54510652308916
7411,2014,11,5,19,30,0,0,0,2.2858142852783203,16.369348144531273,111.07394758034201
7412,2014,11,5,20,30,0,0,0,2.1764192581176762,16.242700195312526,124.79271148312395
7413,2014,11,5,21,30,0,0,0,2.026522397994995,16.046929931640648,138.59418350465918
7414,2014,11,5,22,30,0,0,0,1.879753947257996,15.868920898437526,152.3328283682299
7415,2014,11,5,23,30,0,0,0,1.759284496307373,15.690637207031275,165.51815713707387
7416,2014,11,6,0,30,0,0,0,1.6170430183410645,15.4875427246094,172.80763590982585
7417,2014,11,6,1,30,0,0,0,1.4550615549087524,15.2623229980469,162.8930424278179
7418,2014,11,6,2,30,0,0,0,1.3054876327514648,15.087243652343775,149.49629807576682
7419,2014,11,6,3,30,0,0,0,1.2108385562896729,14.988427734375026,135.73158153241332
7420,2014,11,6,4,30,0,0,0,1.1895568370819092,14.905297851562526,121.9466034997967
7421,2014,11,6,5,30,0,0,0,1.2935035228729248,14.805078125000026,108.2702356771577
7422,2014,11,6,6,30,0,0,0,1.492927312850952,14.78533325195315,94.81227249760944
7423,2014,11,6,7,30,24,24,0,1.7040889263153076,15.04680786132815,81.71719962182023
7424,2014,11,6,8,30,167,145,61,2.030043363571167,15.75676879882815,69.2205867726965
7425,2014,11,6,9,30,184,178,11,2.3673582077026367,16.551690673828148,57.72947714713617
7426,2014,11,6,10,30,159,155,5,2.4836907386779785,17.189630126953148,47.988214033976185
7427,2014,11,6,11,30,190,182,9,2.3983964920043945,17.741662597656273,41.26697867749817
7428,2014,11,6,12,30,161,156,6,2.24306869506836,18.122277832031273,39.15968373642095
7429,2014,11,6,13,30,229,220,12,2.1600213050842285,18.256402587890648,42.36209929009127
7430,2014,11,6,14,30,246,235,18,2.1465196609497066,18.071618652343773,49.859106424774296
7431,2014,11,6,15,30,89,89,0,2.1790146827697754,17.577294921875026,60.058427536672276
7432,2014,11,6,16,30,277,57,702,2.217052459716797,16.781182861328148,71.81036882758258
7433,2014,11,6,17,30,36,36,0,2.2241225242614746,15.807519531250026,84.45898288325998
7434,2014,11,6,18,30,0,0,0,2.198906421661377,15.023156738281275,97.64647411285532
7435,2014,11,6,19,30,0,0,0,2.120857715606689,14.508325195312526,111.16087842610321
7436,2014,11,6,20,30,0,0,0,2.0162782669067383,14.077050781250026,124.87047711363905
7437,2014,11,6,21,30,0,0,0,1.8870317935943604,13.701562500000026,138.66966427665037
7438,2014,11,6,22,30,0,0,0,1.7169580459594729,13.3677917480469,152.4195477183594
7439,2014,11,6,23,30,0,0,0,1.5268896818161009,13.0989929199219,165.6606809768403
7440,2014,11,7,0,30,0,0,0,1.3474425077438354,12.92778930664065,173.10107340857036
7441,2014,11,7,1,30,0,0,0,1.207181692123413,12.823144531250026,163.03551768654347
7442,2014,11,7,2,30,0,0,0,1.2156400680541992,12.718347167968775,149.59951903846652
7443,2014,11,7,3,30,0,0,0,1.3903677463531494,12.572412109375026,135.8276239088958
7444,2014,11,7,4,30,0,0,0,1.5834836959838867,12.422021484375026,122.04651026800735
7445,2014,11,7,5,30,0,0,0,1.712552785873413,12.326501464843775,108.38013631869926
7446,2014,11,7,6,30,0,0,0,1.764940619468689,12.386499023437526,94.9371445729796
7447,2014,11,7,7,30,11,11,0,1.700204610824585,12.84588012695315,81.8622872983194
7448,2014,11,7,8,30,35,35,0,1.5685622692108154,13.959863281250026,69.39224288499042
7449,2014,11,7,9,30,140,139,2,1.541027307510376,15.3914733886719,57.93520367026678
7450,2014,11,7,10,30,124,123,0,1.6419975757598877,16.580743408203148,48.234519517512894
7451,2014,11,7,11,30,283,268,19,1.7620322704315186,17.320245361328148,41.550579782089905
7452,2014,11,7,12,30,291,276,19,1.84871768951416,17.539788818359398,39.45410543582695
7453,2014,11,7,13,30,191,184,9,1.907458782196045,17.332604980468773,42.628862415259306
7454,2014,11,7,14,30,248,236,18,1.9121404886245728,17.003442382812526,50.079953161344
7455,2014,11,7,15,30,149,149,0,1.881905198097229,16.600366210937526,60.23593499282004
7456,2014,11,7,16,30,42,42,0,1.8711068630218504,15.8736511230469,71.95324804598096
7457,2014,11,7,17,30,15,15,0,1.8540942668914795,14.93596801757815,84.57537167848194
7458,2014,11,7,18,30,0,0,0,1.774308443069458,14.22686157226565,97.74290885656923
7459,2014,11,7,19,30,0,0,0,1.631157159805298,13.810388183593775,111.2426693962393
7460,2014,11,7,20,30,0,0,0,1.5121841430664062,13.417077636718775,124.94275335124183
7461,2014,11,7,21,30,0,0,0,1.4460111856460571,13.0317321777344,138.7390464202315
7462,2014,11,7,22,30,0,0,0,1.415252447128296,12.7393737792969,152.49898300461982
7463,2014,11,7,23,30,0,0,0,1.4159898757934568,12.4935241699219,165.79338896055108
7464,2014,11,8,0,30,0,0,0,1.4094269275665283,12.2435241699219,173.39041498621728
7465,2014,11,8,1,30,0,0,0,1.3549790382385254,12.03887329101565,163.17512632694894
7466,2014,11,8,2,30,0,0,0,1.259101390838623,11.915979003906275,149.70222082859397
7467,2014,11,8,3,30,0,0,0,1.1690340042114258,11.86406860351565,135.92415430936427
7468,2014,11,8,4,30,0,0,0,1.0843693017959597,11.855676269531275,122.14738348366508
7469,2014,11,8,5,30,0,0,0,1.0291398763656616,11.904626464843775,108.49121271713727
7470,2014,11,8,6,30,0,0,0,0.9817029237747192,12.0253845214844,95.06321469547758
7471,2014,11,8,7,30,98,41,414,0.891739010810852,12.514611816406275,82.00841396339398
7472,2014,11,8,8,30,321,66,732,0.7282657623291016,13.655419921875026,69.56454797492277
7473,2014,11,8,9,30,531,79,854,0.5985994935035706,15.21746215820315,58.14083712603985
7474,2014,11,8,10,30,695,88,916,0.7266840934753418,16.709344482421898,48.47946351333296
7475,2014,11,8,11,30,797,92,945,1.0493743419647217,18.123376464843773,41.831032314344185
7476,2014,11,8,12,30,827,93,954,1.357754468917847,19.323175048828148,39.743818680561034
7477,2014,11,8,13,30,783,91,944,1.5832383632659912,20.153497314453148,42.890406485269814
7478,2014,11,8,14,30,669,85,913,1.734180927276611,20.370172119140648,50.29569283017037
7479,2014,11,8,15,30,496,75,851,1.962117314338684,19.639489746093773,60.40849990901629
7480,2014,11,8,16,30,282,58,730,2.308814287185669,18.091241455078148,72.09126089965594
7481,2014,11,8,17,30,79,38,443,2.5657782554626465,16.015832519531273,84.68688245813195
7482,2014,11,8,18,30,0,0,0,2.6056463718414307,14.383691406250026,97.83437137780018
7483,2014,11,8,19,30,0,0,0,2.4887399673461914,13.803857421875026,111.31929889345244
7484,2014,11,8,20,30,0,0,0,2.3142342567443848,13.77617797851565,125.00953752592432
7485,2014,11,8,21,30,0,0,0,2.032785177230835,13.6142517089844,138.80234774185794
7486,2014,11,8,22,30,0,0,0,1.7663915157318115,13.38982543945315,152.5711683232512
7487,2014,11,8,23,30,0,0,0,1.6498022079467771,13.343103027343775,165.9162205929759
7488,2014,11,9,0,30,0,0,0,1.5645371675491333,13.2250915527344,173.67559771432147
7489,2014,11,9,1,30,0,0,0,1.5496618747711182,12.92632446289065,163.31197408742614
7490,2014,11,9,2,30,0,0,0,1.6244062185287476,12.481347656250026,149.80447953140558
7491,2014,11,9,3,30,0,0,0,1.733093023300171,11.834252929687526,136.02121227799165
7492,2014,11,9,4,30,0,0,0,1.8904006481170652,11.1772399902344,122.24923396533345
7493,2014,11,9,5,30,0,0,0,2.0062792301177983,10.680993652343775,108.60345054944449
7494,2014,11,9,6,30,0,0,0,1.9243178367614744,10.76738891601565,95.19044412314877
7495,2014,11,9,7,30,4,4,0,1.629312515258789,12.086938476562526,82.15551538813946
7496,2014,11,9,8,30,26,26,0,1.2562286853790283,13.917321777343775,69.73741063328826
7497,2014,11,9,9,30,179,173,11,0.8390622138977051,15.68718872070315,58.346259113277114
7498,2014,11,9,10,30,42,42,0,0.5881355404853821,17.423577880859398,48.72290972644647
7499,2014,11,9,11,30,184,177,8,0.7299095392227173,18.657373046875023,42.10820705261869
7500,2014,11,9,12,30,404,360,57,1.0592203140258791,19.244226074218773,40.028717697440406
7501,2014,11,9,13,30,589,353,323,1.3623908758163452,19.161035156250023,43.14663282167988
7502,2014,11,9,14,30,675,86,926,1.5849816799163818,18.620843505859398,50.506229208418745
7503,2014,11,9,15,30,500,76,864,1.80652117729187,17.664971923828148,60.576036570996386
7504,2014,11,9,16,30,285,58,744,2.093690156936645,16.268518066406273,72.22433717356044
7505,2014,11,9,17,30,81,38,467,2.321216344833374,14.7116638183594,84.79346220382665
7506,2014,11,9,18,30,0,0,0,2.3450603485107417,13.448693847656275,97.92082624883064
7507,2014,11,9,19,30,0,0,0,2.1797499656677246,12.60942993164065,111.3907498070156
7508,2014,11,9,20,30,0,0,0,2.0274417400360107,12.187951660156275,125.07083225088907
7509,2014,11,9,21,30,0,0,0,1.93741238117218,12.12627563476565,138.85959280470541
7510,2014,11,9,22,30,0,0,0,1.876075029373169,12.0360046386719,152.63614832663617
7511,2014,11,9,23,30,0,0,0,1.9216811656951904,11.9345642089844,166.02913958953337
7512,2014,11,10,0,30,0,0,0,2.021778345108032,11.848840332031275,173.9565602521822
7513,2014,11,10,1,30,0,0,0,2.1488809585571294,11.680444335937526,163.44617053108445
7514,2014,11,10,2,30,0,0,0,2.357801914215088,11.44780883789065,149.90637007337162
7515,2014,11,10,3,30,0,0,0,2.6098015308380127,11.0611511230469,136.1188351179118
7516,2014,11,10,4,30,0,0,0,2.910465240478516,10.55632934570315,122.3520698941725
7517,2014,11,10,5,30,0,0,0,3.2018136978149414,10.128137207031275,108.7168326926662
7518,2014,11,10,6,30,0,0,0,3.3781580924987797,10.166894531250025,95.31879131499592
7519,2014,11,10,7,30,46,43,17,3.3393571376800537,11.32134399414065,82.30352474186284
7520,2014,11,10,8,30,275,109,484,3.1425042152404785,13.656274414062526,69.91073735078851
7521,2014,11,10,9,30,463,165,572,2.812940120697021,16.427484130859398,58.551350088140715
7522,2014,11,10,10,30,605,239,557,2.5384414196014404,18.986840820312523,48.96472209550726
7523,2014,11,10,11,30,700,291,552,2.4186198711395264,20.960626220703148,42.38197595459575
7524,2014,11,10,12,30,829,94,964,2.26896071434021,22.241448974609398,40.30869787891835
7525,2014,11,10,13,30,674,279,543,2.0746240615844727,23.027490234375023,43.39744443033539
7526,2014,11,10,14,30,490,295,307,1.9056763648986816,23.445336914062523,50.71146847257552
7527,2014,11,10,15,30,374,201,353,1.7234768867492676,23.150933837890648,60.73846212185614
7528,2014,11,10,16,30,195,119,249,1.3462145328521729,21.988732910156273,72.3524098706405
7529,2014,11,10,17,30,58,58,0,1.1641380786895752,19.949426269531273,84.89506147844413
7530,2014,11,10,18,30,0,0,0,1.3881170749664309,18.325494384765648,98.00224203058089
7531,2014,11,10,19,30,0,0,0,1.6422808170318604,17.667260742187523,111.45700953138544
7532,2014,11,10,20,30,0,0,0,1.739966869354248,16.969415283203148,125.12664540861944
7533,2014,11,10,21,30,0,0,0,1.716956377029419,16.317681884765648,138.91081286247368
7534,2014,11,10,22,30,0,0,0,1.6789414882659912,15.8757263183594,152.69397809100963
7535,2014,11,10,23,30,0,0,0,1.6803572177886963,15.652368164062526,166.13213485997758
7536,2014,11,11,0,30,0,0,0,1.7594598531723022,15.506250000000026,174.23324279028805
7537,2014,11,11,1,30,0,0,0,1.974730491638184,15.21965942382815,163.57782870970013
7538,2014,11,11,2,30,0,0,0,2.3383007049560547,14.861413574218775,150.00796603278636
7539,2014,11,11,3,30,0,0,0,2.7558302879333496,14.59807739257815,136.2170577819074
7540,2014,11,11,4,30,0,0,0,3.075159072875977,14.323022460937526,122.45589675011348
7541,2014,11,11,5,30,0,0,0,3.2083778381347656,14.02947387695315,108.83133919676744
7542,2014,11,11,6,30,0,0,0,3.2755725383758545,13.9703308105469,95.44821193939516
7543,2014,11,11,7,30,12,12,0,3.3006820678710938,14.584313964843775,82.45237263730603
7544,2014,11,11,8,30,56,56,0,3.1364641189575195,16.027947998046898,70.08443259903488
7545,2014,11,11,9,30,375,238,264,2.8978054523468018,17.942712402343773,58.75598946761667
7546,2014,11,11,10,30,404,325,121,2.727700471878052,19.716424560546894,49.20476488148096
7547,2014,11,11,11,30,134,132,2,2.5356595516204834,20.956842041015648,42.652212207226036
7548,2014,11,11,12,30,144,141,4,2.201572895050049,21.798150634765648,40.583655839268644
7549,2014,11,11,13,30,203,196,9,1.8230433464050293,22.310723876953148,43.64274605560033
7550,2014,11,11,14,30,211,204,10,1.5171010494232178,22.434167480468773,50.911319250577705
7551,2014,11,11,15,30,288,223,134,1.388630986213684,22.036431884765648,60.89569661979351
7552,2014,11,11,16,30,80,80,0,1.5336328744888306,20.941033935546894,72.47541526955645
7553,2014,11,11,17,30,29,29,0,1.8384475708007808,19.455255126953148,84.99163447571941
7554,2014,11,11,18,30,0,0,0,2.118618488311768,18.299249267578148,98.0785913076433
7555,2014,11,11,19,30,0,0,0,2.281411409378052,17.435449218750026,111.51806997777365
7556,2014,11,11,20,30,0,0,0,2.397829532623291,16.551416015625026,125.17699012626045
7557,2014,11,11,21,30,0,0,0,2.4935359954833984,16.157678222656273,138.95604577473324
7558,2014,11,11,22,30,0,0,0,2.460270881652832,16.144494628906273,152.7447229377523
7559,2014,11,11,23,30,0,0,0,2.371501207351685,15.9243103027344,166.22522126605938
7560,2014,11,12,0,30,0,0,0,2.35098648071289,15.59905395507815,174.5055869609694
7561,2014,11,12,1,30,0,0,0,2.364346027374268,15.292993164062526,163.7070648119034
7562,2014,11,12,2,30,0,0,0,2.297123908996582,14.962365722656275,150.1093394518077
7563,2014,11,12,3,30,0,0,0,2.1848523616790767,14.561608886718775,136.31591276540166
7564,2014,11,12,4,30,0,0,0,2.106543064117432,14.110986328125026,122.56071725098889
7565,2014,11,12,5,30,0,0,0,2.03088903427124,13.773645019531275,108.94694726092648
7566,2014,11,12,6,30,0,0,0,1.9615830183029173,13.66314086914065,95.57865888615886
7567,2014,11,12,7,30,9,9,0,1.8633869886398315,13.864099121093775,82.60198717927686
7568,2014,11,12,8,30,80,80,0,1.8278701305389404,14.523034667968775,70.258398913756
7569,2014,11,12,9,30,100,100,0,1.8716380596160889,15.385583496093775,58.96005573330813
7570,2014,11,12,10,30,138,136,2,1.8839159011840818,16.025689697265648,49.44290275535886
7571,2014,11,12,11,30,89,89,0,1.8970987796783447,16.496057128906273,42.918790277243225
7572,2014,11,12,12,30,70,70,0,1.9930980205535889,16.900964355468773,40.85348947145908
7573,2014,11,12,13,30,95,95,0,2.188804149627685,16.948785400390648,43.88244423514656
7574,2014,11,12,14,30,102,102,0,2.4378256797790527,16.476007080078148,51.10569267397769
7575,2014,11,12,15,30,188,180,16,2.6441617012023926,15.7673278808594,61.04766309476846
7576,2014,11,12,16,30,47,47,0,2.685009479522705,14.82695922851565,72.59329298027708
7577,2014,11,12,17,30,33,33,0,2.5680136680603027,13.813317871093775,85.08314323869557
7578,2014,11,12,18,30,0,0,0,2.369049549102783,13.1480651855469,98.14985071808695
7579,2014,11,12,19,30,0,0,0,2.1730599403381348,12.795495605468775,111.57392757836108
7580,2014,11,12,20,30,0,0,0,2.0087311267852783,12.493493652343775,125.22188474023213
7581,2014,11,12,21,30,0,0,0,1.8248510360717771,12.195703125000026,138.99533590403024
7582,2014,11,12,22,30,0,0,0,1.6523885726928709,11.96380004882815,152.7884582092416
7583,2014,11,12,23,30,0,0,0,1.5138907432556152,11.7703796386719,166.30844012831034
7584,2014,11,13,0,30,0,0,0,1.3951563835144043,11.586083984375026,174.7735357058678
7585,2014,11,13,1,30,0,0,0,1.2883470058441162,11.386865234375026,163.83399779736885
7586,2014,11,13,2,30,0,0,0,1.173886775970459,11.227441406250025,150.21056065038238
7587,2014,11,13,3,30,0,0,0,1.0592570304870603,11.12053833007815,136.41543000193866
7588,2014,11,13,4,30,0,0,0,1.0052828788757324,11.018823242187525,122.66653129468337
7589,2014,11,13,5,30,0,0,0,1.0290409326553345,10.9097839355469,109.06363121331465
7590,2014,11,13,6,30,0,0,0,1.0822634696960451,10.80925903320315,95.71008228229336
7591,2014,11,13,7,30,87,39,381,1.136317014694214,10.880090332031275,82.75229401667212
7592,2014,11,13,8,30,42,42,0,1.221723556518555,11.207727050781275,70.4325369803762
7593,2014,11,13,9,30,58,58,0,1.389041304588318,11.534020996093775,59.16342653553362
7594,2014,11,13,10,30,39,39,0,1.6019046306610107,11.724206542968775,49.67900088500429
7595,2014,11,13,11,30,301,283,24,1.7937930822372437,11.797692871093775,43.18158596239403
7596,2014,11,13,12,30,255,244,15,1.9568637609481807,11.7311950683594,41.11809800466082
7597,2014,11,13,13,30,268,255,17,2.104730129241944,11.522546386718775,44.116447355115604
7598,2014,11,13,14,30,656,85,912,2.24224853515625,11.143518066406275,51.294502429858674
7599,2014,11,13,15,30,485,75,850,2.331274509429932,10.549035644531275,61.19428760375571
7600,2014,11,13,16,30,46,46,0,2.343460321426392,9.739770507812525,72.70598599703914
7601,2014,11,13,17,30,78,38,474,2.283536434173584,8.86199340820315,85.16954052412564
7602,2014,11,13,18,30,0,0,0,2.1627445220947266,8.169763183593773,98.21600097803056
7603,2014,11,13,19,30,0,0,0,2.0188682079315186,7.686181640625023,111.6245832832049
7604,2014,11,13,20,30,0,0,0,1.8749839067459104,7.255609130859398,125.26135275020368
7605,2014,11,13,21,30,0,0,0,1.7500486373901367,6.859338378906273,139.02873399523864
7606,2014,11,13,22,30,0,0,0,1.6920561790466309,6.526025390625023,152.82526900098767
7607,2014,11,13,23,30,0,0,0,1.693192720413208,6.253015136718773,166.38185946235242
7608,2014,11,14,0,30,0,0,0,1.6879689693450928,6.023583984375023,175.03703308660042
7609,2014,11,14,1,30,0,0,0,1.6464090347290041,5.891442871093773,163.9587490184561
7610,2014,11,14,2,30,0,0,0,1.561793088912964,5.887811279296898,150.3116980421054
7611,2014,11,14,3,30,0,0,0,1.4076499938964844,5.937829589843773,136.51563676114867
7612,2014,11,14,4,30,0,0,0,1.2303379774093628,6.013696289062523,122.77333590419019
7613,2014,11,14,5,30,0,0,0,1.071772813796997,6.124291992187523,109.18136249422251
7614,2014,11,14,6,30,0,0,0,0.9548025131225586,6.398736572265648,95.84242951121658
7615,2014,11,14,7,30,88,39,389,0.9526690244674684,7.372216796875023,82.90321639760697
7616,2014,11,14,8,30,113,111,5,1.065196514129639,9.218957519531275,70.60674572150003
7617,2014,11,14,9,30,205,193,23,1.2137460708618164,11.574121093750026,59.365978797699846
7618,2014,11,14,10,30,686,88,928,1.2468541860580444,14.01433715820315,49.91292502122022
7619,2014,11,14,11,30,380,338,57,1.2070257663726809,15.772241210937526,43.440476443185005
7620,2014,11,14,12,30,293,277,20,1.2545539140701294,16.802392578125026,41.37738206225103
7621,2014,11,14,13,30,368,329,55,1.4509456157684326,17.346490478515648,44.344665705655615
7622,2014,11,14,14,30,331,287,70,1.8039783239364624,16.902734375000026,51.477664812611295
7623,2014,11,14,15,30,203,190,27,2.239544153213501,15.604089355468775,61.335499284738475
7624,2014,11,14,16,30,133,119,45,2.6576004028320312,13.775842285156275,72.81344074883991
7625,2014,11,14,17,30,79,38,490,2.8457033634185787,11.69561157226565,85.25079618861079
7626,2014,11,14,18,30,0,0,0,2.741126537322998,10.0967956542969,98.27702690080751
7627,2014,11,14,19,30,0,0,0,2.48100209236145,9.100488281250025,111.67004254970907
7628,2014,11,14,20,30,0,0,0,2.1528472900390625,8.391748046875023,125.29542276246578
7629,2014,11,14,21,30,0,0,0,1.823485374450684,7.891320800781273,139.05629703765922
7630,2014,11,14,22,30,0,0,0,1.6064835786819458,7.658349609375023,152.85524985178986
7631,2014,11,14,23,30,0,0,0,1.562765121459961,7.631982421875023,166.44557393109085
7632,2014,11,15,0,30,0,0,0,1.6281164884567259,7.625390625000023,175.29602402020657
7633,2014,11,15,1,30,0,0,0,1.7065412998199463,7.603662109375023,164.08144183102866
7634,2014,11,15,2,30,0,0,0,1.8282554149627688,7.636041259765648,150.41281795232518
7635,2014,11,15,3,30,0,0,0,2.031226634979248,7.781457519531273,136.61655754942913
7636,2014,11,15,4,30,0,0,0,2.239534854888916,8.034997558593773,122.88112517599876
7637,2014,11,15,5,30,0,0,0,2.413516044616699,8.337670898437523,109.300109642929
7638,2014,11,15,6,30,0,0,0,2.5267720222473145,8.870507812500025,95.97564523592705
7639,2014,11,15,7,30,85,39,380,2.457919120788574,10.269982910156275,83.05467522806234
7640,2014,11,15,8,30,307,65,734,2.1613564491271973,13.235803222656275,70.78092238671051
7641,2014,11,15,9,30,516,79,862,1.7444190979003906,16.822625732421898,59.567588820888325
7642,2014,11,15,10,30,680,88,924,1.5748653411865234,19.744348144531273,50.144541583069035
7643,2014,11,15,11,30,781,92,952,1.692586898803711,21.616204833984398,43.69534033529417
7644,2014,11,15,12,30,810,93,959,1.832353949546814,22.355889892578148,41.63124372032146
7645,2014,11,15,13,30,766,91,947,1.9980113506317136,22.293389892578148,44.56701153662127
7646,2014,11,15,14,30,652,85,913,2.1436185836791988,21.676354980468773,51.65509877520854
7647,2014,11,15,15,30,479,75,847,2.2925150394439697,20.611779785156273,61.47123040908454
7648,2014,11,15,16,30,268,57,720,2.4847640991210938,18.867333984375023,72.91560714719705
7649,2014,11,15,17,30,77,38,475,2.6172330379486084,16.442163085937526,85.32687942900756
7650,2014,11,15,18,30,0,0,0,2.5119612216949463,14.240625000000026,98.33291741070828
7651,2014,11,15,19,30,0,0,0,2.1991138458251958,13.198388671875026,111.71031532476455
7652,2014,11,15,20,30,0,0,0,1.8507810831069944,12.9494567871094,125.32412842298372
7653,2014,11,15,21,30,0,0,0,1.6445400714874268,12.86162719726565,139.07808811049722
7654,2014,11,15,22,30,0,0,0,1.6192827224731443,12.9144226074219,152.8785043945165
7655,2014,11,15,23,30,0,0,0,1.6370692253112793,13.086816406250026,166.49970450667362
7656,2014,11,16,0,30,0,0,0,1.6943262815475464,13.238916015625026,175.55045391409922
7657,2014,11,16,1,30,0,0,0,1.858550786972046,13.08648071289065,164.2022011959374
7658,2014,11,16,2,30,0,0,0,2.09668231010437,12.444055175781275,150.51398443847506
7659,2014,11,16,3,30,0,0,0,2.3691349029541016,11.70147094726565,136.71821401324578
7660,2014,11,16,4,30,0,0,0,2.6630642414093018,11.1895690917969,122.98989023156936
7661,2014,11,16,5,30,0,0,0,2.9147298336029053,10.755639648437525,109.41983828804337
7662,2014,11,16,6,30,0,0,0,3.096052646636963,10.636254882812525,96.10967142554986
7663,2014,11,16,7,30,82,38,372,3.063133955001831,11.806970214843775,83.20658913349565
7664,2014,11,16,8,30,304,65,731,2.7679452896118164,14.47210083007815,70.9549626440915
7665,2014,11,16,9,30,512,79,860,2.6132233142852783,18.036401367187523,59.76813238847142
7666,2014,11,16,10,30,675,87,921,2.8639369010925293,21.377679443359398,50.373717742384784
7667,2014,11,16,11,30,777,92,951,3.202054500579834,23.430291748046894,43.946057742553975
7668,2014,11,16,12,30,807,93,958,3.374654054641724,24.268121337890648,41.87958656656061
7669,2014,11,16,13,30,763,91,947,3.4399333000183105,24.418206787109398,44.783399113412536
7670,2014,11,16,14,30,650,85,913,3.284759998321533,24.38045654296877,51.82672598009022
7671,2014,11,16,15,30,479,75,849,2.737401962280273,24.001092529296894,61.60141643234376
7672,2014,11,16,16,30,269,57,727,2.3267979621887207,22.634637451171894,73.01243863108667
7673,2014,11,16,17,30,78,38,505,2.4073805809021,20.405480957031273,85.39776325482842
7674,2014,11,16,18,30,0,0,0,2.597395896911621,18.709558105468773,98.38366555110636
7675,2014,11,16,19,30,0,0,0,2.7506680488586426,17.775872802734398,111.74541601930605
7676,2014,11,16,20,30,0,0,0,2.855090618133545,16.785394287109398,125.34750834002486
7677,2014,11,16,21,30,0,0,0,2.9909825325012207,15.676660156250026,139.094176212356
7678,2014,11,16,22,30,0,0,0,3.18997859954834,14.524560546875026,152.89514497005212
7679,2014,11,16,23,30,0,0,0,3.287537813186645,13.383874511718775,166.54439784291682
7680,2014,11,17,0,30,0,0,0,3.2465450763702397,12.328820800781275,175.8002681659888
7681,2014,11,17,1,30,0,0,0,3.0928020477294917,11.411340332031275,164.32115327274573
7682,2014,11,17,2,30,0,0,0,2.841094970703125,10.674890136718775,150.61525911291642
7683,2014,11,17,3,30,0,0,0,2.539912700653076,10.05242309570315,136.82062484530493
7684,2014,11,17,4,30,0,0,0,2.26477575302124,9.42315063476565,123.0996191721838
7685,2014,11,17,5,30,0,0,0,2.0312466621398926,8.767663574218773,109.54051114158187
7686,2014,11,17,6,30,0,0,0,1.7590137720108032,8.641564941406273,96.24444738577479
7687,2014,11,17,7,30,83,39,380,1.2961397171020508,10.41338500976565,83.35887452365242
7688,2014,11,17,8,30,308,66,750,0.6980868577957153,13.8094421386719,71.12876067367961
7689,2014,11,17,9,30,520,80,880,0.9392352104187012,16.784326171875026,59.96748487096399
7690,2014,11,17,10,30,270,252,27,1.8533248901367188,18.274652099609398,50.6003215077297
7691,2014,11,17,11,30,783,92,962,2.4860401153564453,18.605981445312523,44.192510310505
7692,2014,11,17,12,30,810,93,966,2.9364776611328125,17.818719482421898,42.12231575944815
7693,2014,11,17,13,30,765,91,952,3.372885704040528,16.449487304687526,44.99374477279663
7694,2014,11,17,14,30,651,85,918,3.79556941986084,14.7217956542969,51.992470849420386
7695,2014,11,17,15,30,478,75,851,4.047200679779054,12.55657348632815,61.725996043348495
7696,2014,11,17,16,30,117,112,17,4.025078773498535,10.2917419433594,73.10389220894656
7697,2014,11,17,17,30,78,78,0,3.653796672821045,8.084191894531273,85.46342451583904
7698,2014,11,17,18,30,0,0,0,3.1519260406494136,6.523156738281273,98.42926848694641
7699,2014,11,17,19,30,0,0,0,2.8028383255004883,5.501092529296899,111.77536347557549
7700,2014,11,17,20,30,0,0,0,2.5632424354553223,4.670770263671899,125.36560599700321
7701,2014,11,17,21,30,0,0,0,2.3701035976409908,3.9248901367187727,139.10463607579658
7702,2014,11,17,22,30,0,0,0,2.1962034702301025,3.2757202148437727,152.90529220776222
7703,2014,11,17,23,30,0,0,0,2.0079712867736816,2.7651306152343977,166.57982536660296
7704,2014,11,18,0,30,0,0,0,1.7900493144989014,2.3940368652343977,176.04541148058598
7705,2014,11,18,1,30,0,0,0,1.527371883392334,2.125421142578148,164.43842500739495
7706,2014,11,18,2,30,0,0,0,1.237370252609253,1.9688964843750227,150.71670096832818
7707,2014,11,18,3,30,0,0,0,1.0468491315841677,1.931573486328148,136.92380569359008
7708,2014,11,18,4,30,0,0,0,1.0488899946212769,1.9451843261718975,123.21029703715776
7709,2014,11,18,5,30,0,0,0,1.1739006042480469,1.964044189453148,109.66208799669
7710,2014,11,18,6,30,0,0,0,1.3016114234924316,2.2026000976562727,96.37990979274086
7711,2014,11,18,7,30,7,7,0,1.3704882860183716,3.3301635742187727,83.51144566049031
7712,2014,11,18,8,30,57,57,0,1.4292855262756348,5.228936767578149,71.3022092627229
7713,2014,11,18,9,30,89,89,0,1.4952019453048706,7.191766357421898,60.16552133073402
7714,2014,11,18,10,30,171,167,6,1.5335230827331543,9.06109008789065,50.82422180755818
7715,2014,11,18,11,30,299,281,25,1.5642778873443604,10.649255371093775,44.43458128044901
7716,2014,11,18,12,30,326,304,30,1.642117977142334,11.7642761230469,42.359338087671375
7717,2014,11,18,13,30,282,266,21,1.749361515045166,12.1827331542969,45.19796697863677
7718,2014,11,18,14,30,449,293,254,1.8733240365982056,11.940209960937526,52.15226061462842
7719,2014,11,18,15,30,168,165,7,2.131985902786255,11.120446777343775,61.8449112114412
7720,2014,11,18,16,30,216,92,428,2.530672550201416,9.5400329589844,73.18992849768956
7721,2014,11,18,17,30,64,64,0,2.7704052925109863,7.539239501953148,85.52384392522804
7722,2014,11,18,18,30,0,0,0,2.7434983253479004,6.030267333984398,98.46972750159313
7723,2014,11,18,19,30,0,0,0,2.5486950874328613,5.203698730468774,111.80018092701891
7724,2014,11,18,20,30,0,0,0,2.169198989868164,4.643731689453149,125.37846965547227
7725,2014,11,18,21,30,0,0,0,1.663156509399414,4.294213867187524,139.1095479674926
7726,2014,11,18,22,30,0,0,0,1.1298729181289673,4.146173095703149,152.9090745754649
7727,2014,11,18,23,30,0,0,0,0.640929102897644,4.079095458984399,166.6061821034278
7728,2014,11,19,0,30,0,0,0,0.472357451915741,3.935601806640648,176.28582693488022
7729,2014,11,19,1,30,0,0,0,0.7059934139251709,3.636773681640648,164.55414371506902
7730,2014,11,19,2,30,0,0,0,1.001139760017395,3.2569213867187727,150.81836620572668
7731,2014,11,19,3,30,0,0,0,1.198871374130249,2.901300048828148,137.0277690733404
7732,2014,11,19,4,30,0,0,0,1.3698768615722656,2.5560241699218977,123.3219057654798
7733,2014,11,19,5,30,0,0,0,1.556355595588684,2.3058105468750227,109.78452572918593
7734,2014,11,19,6,30,0,0,0,1.7543668746948242,2.5861450195312727,96.51599273079927
7735,2014,11,19,7,30,42,37,43,1.8164138793945312,4.022332763671899,83.66421472908439
7736,2014,11,19,8,30,188,133,173,1.6820218563079834,6.569146728515648,71.47519990260018
7737,2014,11,19,9,30,316,232,169,1.4816409349441528,9.546044921875025,60.36211662690739
7738,2014,11,19,10,30,403,313,144,1.227721929550171,12.6243835449219,51.045288572900866
7739,2014,11,19,11,30,431,357,104,0.8748061060905457,15.524987792968775,44.67215554407161
7740,2014,11,19,12,30,336,311,33,0.4258270859718323,17.622430419921898,42.5905620297051
7741,2014,11,19,13,30,446,355,129,0.3701964616775513,18.530236816406273,45.39598637738454
7742,2014,11,19,14,30,393,299,153,0.9074513912200928,18.375329589843773,52.30602536515901
7743,2014,11,19,15,30,247,209,81,1.6578950881958008,17.242425537109398,61.95810723178896
7744,2014,11,19,16,30,167,118,171,2.393439292907715,14.934838867187526,73.27051175853656
7745,2014,11,19,17,30,50,50,0,2.862950325012207,11.962976074218775,85.57900607809928
7746,2014,11,19,18,30,0,0,0,2.922969341278076,9.73589477539065,98.50504798799106
7747,2014,11,19,19,30,0,0,0,2.682070255279541,8.501062011718773,111.81989595087363
7748,2014,11,19,20,30,0,0,0,2.3042738437652592,7.642755126953148,125.38615224879288
7749,2014,11,19,21,30,0,0,0,1.853348970413208,7.432000732421898,139.1089974753562
7750,2014,11,19,22,30,0,0,0,1.4647436141967771,7.604699707031273,152.90662790287104
7751,2014,11,19,23,30,0,0,0,1.3598308563232422,7.575952148437523,166.62368526063008
7752,2014,11,20,0,30,0,0,0,1.5084582567214966,7.452233886718773,176.52145469468522
7753,2014,11,20,1,30,0,0,0,1.695225954055786,7.289758300781273,164.66843665967258
7754,2014,11,20,2,30,0,0,0,1.799631118774414,7.101098632812523,150.9203080652426
7755,2014,11,20,3,30,0,0,0,1.8239647150039675,6.914636230468773,137.13252428209353
7756,2014,11,20,4,30,0,0,0,1.823993682861328,6.743035888671898,123.43442416104506
7757,2014,11,20,5,30,0,0,0,1.7996193170547483,6.651818847656273,109.90777830281628
7758,2014,11,20,6,30,0,0,0,1.7448625564575195,6.859216308593773,96.65262773372986
7759,2014,11,20,7,30,43,37,59,1.6115503311157229,8.005670166015648,83.81709191137854
7760,2014,11,20,8,30,224,123,321,1.3962751626968384,10.92290649414065,71.64762288724461
7761,2014,11,20,9,30,425,164,531,1.3560642004013062,14.898461914062526,60.55714552000623
7762,2014,11,20,10,30,667,87,926,1.4657313823699951,18.097741699218773,51.26339281936168
7763,2014,11,20,11,30,771,92,958,1.5029301643371582,20.141046142578148,44.90511969846164
7764,2014,11,20,12,30,804,93,968,1.487058162689209,21.445367431640648,42.815897813432706
7765,2014,11,20,13,30,761,91,957,1.4589062929153442,22.013421630859398,45.5877258532479
7766,2014,11,20,14,30,648,85,924,1.4974148273468018,21.831231689453148,52.45369809624131
7767,2014,11,20,15,30,476,75,856,1.837629318237305,20.802850341796894,62.06553276867115
7768,2014,11,20,16,30,265,56,727,2.440563678741455,18.560144042968773,73.34560992966513
7769,2014,11,20,17,30,80,38,548,2.785829305648804,15.489709472656275,85.62889946537868
7770,2014,11,20,18,30,0,0,0,2.699833393096924,13.449731445312526,98.53523943400015
7771,2014,11,20,19,30,0,0,0,2.410830020904541,13.056970214843775,111.8345404136137
7772,2014,11,20,20,30,0,0,0,2.1204676628112797,13.065148925781275,125.38871126676621
7773,2014,11,20,21,30,0,0,0,1.8852472305297847,12.96404418945315,139.10307528331845
7774,2014,11,20,22,30,0,0,0,1.6836957931518557,12.885278320312526,152.89809488193598
7775,2014,11,20,23,30,0,0,0,1.5239114761352541,12.8493591308594,166.63257259435727
7776,2014,11,21,0,30,0,0,0,1.4051854610443115,12.85332641601565,176.75223024083041
7777,2014,11,21,1,30,0,0,0,1.335615158081055,12.85283813476565,164.78143063146499
7778,2014,11,21,2,30,0,0,0,1.276977300643921,12.83135375976565,151.02257665976794
7779,2014,11,21,3,30,0,0,0,1.1799776554107666,12.792626953125026,137.23807731793147
7780,2014,11,21,4,30,0,0,0,1.0563082695007324,12.7246032714844,123.54782786146455
7781,2014,11,21,5,30,0,0,0,0.960864782333374,12.63604125976565,110.03179677837092
7782,2014,11,21,6,30,0,0,0,0.9163062572479248,12.640710449218775,96.78974382965185
7783,2014,11,21,7,30,69,35,321,0.8699216842651367,13.20256958007815,83.96998546295737
7784,2014,11,21,8,30,282,63,701,0.9323299527168274,14.533227539062526,71.81936741323227
7785,2014,11,21,9,30,373,210,334,1.2147071361541748,16.440240478515648,60.75048277668169
7786,2014,11,21,10,30,476,286,304,1.5290462970733645,17.897882080078148,51.47840672858626
7787,2014,11,21,11,30,269,256,19,1.7098225355148315,18.485894775390648,45.13336210156467
7788,2014,11,21,12,30,339,313,36,1.8111321926116943,18.813500976562523,43.03525747572064
7789,2014,11,21,13,30,461,355,152,1.8958624601364136,18.666894531250023,45.773110582907435
7790,2014,11,21,14,30,429,294,221,2.0220403671264653,18.219232177734398,52.59521475563981
7791,2014,11,21,15,30,457,74,820,2.2624306678771973,17.637414550781273,62.1671398965273
7792,2014,11,21,16,30,253,55,690,2.490880012512207,16.664147949218773,73.41519465541353
7793,2014,11,21,17,30,75,38,495,2.6537952423095703,15.700158691406275,85.67351648292609
7794,2014,11,21,18,30,0,0,0,2.8301796913146973,15.3561950683594,98.56031540206554
7795,2014,11,21,19,30,0,0,0,2.962452173233032,15.4338317871094,111.84415040932312
7796,2014,11,21,20,30,0,0,0,3.038743019104004,15.45086059570315,125.38620863162205
7797,2014,11,21,21,30,0,0,0,3.07932710647583,15.395349121093775,139.09187693511694
7798,2014,11,21,22,30,0,0,0,3.061143636703491,15.29265747070315,152.88362454807498
7799,2014,11,21,23,30,0,0,0,2.9574766159057617,15.14312133789065,166.63310059418032
7800,2014,11,22,0,30,0,0,0,2.7518134117126465,14.999597167968775,176.97808189572362
7801,2014,11,22,1,30,0,0,0,2.4818475246429443,14.84111938476565,164.8932515236263
7802,2014,11,22,2,30,0,0,0,2.2142248153686523,14.658959960937526,151.12521881139455
7803,2014,11,22,3,30,0,0,0,1.972523808479309,14.473718261718775,137.3444308008319
7804,2014,11,22,4,30,0,0,0,1.7988357543945312,14.269860839843775,123.66208931060312
7805,2014,11,22,5,30,0,0,0,1.7570034265518188,14.062341308593775,110.15652932677023
7806,2014,11,22,6,30,0,0,0,1.7843685150146484,13.868310546875026,96.92726758964577
7807,2014,11,22,7,30,67,35,310,1.8434176445007324,14.14177856445315,84.12280179243585
7808,2014,11,22,8,30,75,75,0,2.022760391235352,15.4146667480469,71.99032168114779
7809,2014,11,22,9,30,486,78,840,2.334235429763794,17.486230468750026,60.942003274168435
7810,2014,11,22,10,30,649,86,907,2.634613037109375,19.629754638671894,51.690203729140386
7811,2014,11,22,11,30,751,91,939,2.8415961265563965,21.191156005859398,45.3567729279698
7812,2014,11,22,12,30,783,92,948,3.0027780532836914,22.084741210937523,43.248554921881215
7813,2014,11,22,13,30,634,265,530,3.154961347579956,22.492974853515648,45.952068089669034
7814,2014,11,22,14,30,486,270,357,3.226577043533325,22.567987060546894,52.730514289205686
7815,2014,11,22,15,30,388,164,479,2.932936191558838,22.339685058593773,62.262884138840896
7816,2014,11,22,16,30,181,111,243,2.579854965209961,21.299768066406273,73.47924131217616
7817,2014,11,22,17,30,79,79,0,2.6454575061798096,19.435723876953148,85.71285343610721
7818,2014,11,22,18,30,0,0,0,2.9708347320556636,18.005548095703148,98.58029350316365
7819,2014,11,22,19,30,0,0,0,3.4127354621887207,17.192590332031273,111.84876619121296
7820,2014,11,22,20,30,0,0,0,3.9172964096069336,16.296044921875026,125.37871056584429
7821,2014,11,22,21,30,0,0,0,4.365579128265382,15.288415527343775,139.07550258799165
7822,2014,11,22,22,30,0,0,0,4.680363655090332,14.3167663574219,152.8633717461454
7823,2014,11,22,23,30,0,0,0,4.882697105407715,13.474145507812526,166.62554252071266
7824,2014,11,23,0,30,0,0,0,5.02058219909668,12.7314392089844,177.1989273354616
7825,2014,11,23,1,30,0,0,0,5.059457302093506,11.978417968750026,165.00402390902678
7826,2014,11,23,2,30,0,0,0,5.024961948394775,11.25945434570315,151.22827789076416
7827,2014,11,23,3,30,0,0,0,4.911303520202637,10.629602050781275,137.45158389743693
7828,2014,11,23,4,30,0,0,0,4.686704635620117,9.962670898437525,123.77717773489536
7829,2014,11,23,5,30,0,0,0,4.4431891441345215,9.221032714843775,110.28192124592579
7830,2014,11,23,6,30,0,0,0,4.251448631286621,8.691461181640648,97.06512317983636
7831,2014,11,23,7,30,71,37,341,4.051579475402832,9.61345825195315,84.27544554365139
7832,2014,11,23,8,30,299,65,764,3.8165106773376474,12.35588989257815,72.16037299835854
7833,2014,11,23,9,30,518,80,907,3.5958328247070312,15.47808227539065,61.13158210462862
7834,2014,11,23,10,30,689,89,972,3.4323081970214844,18.100061035156273,51.898658576863106
7835,2014,11,23,11,30,794,93,1001,3.269882202148437,20.151879882812523,45.575244225005896
7836,2014,11,23,12,30,747,197,758,3.063337802886963,21.608453369140648,43.45570598489078
7837,2014,11,23,13,30,781,92,994,2.9329135417938232,22.514215087890648,46.124528296948576
7838,2014,11,23,14,30,666,86,959,2.7491729259490967,22.904290771484398,52.859538685173206
7839,2014,11,23,15,30,490,76,893,2.4825985431671143,22.62484130859377,62.352724504652116
7840,2014,11,23,16,30,275,57,769,2.3339223861694336,21.171472167968773,73.537729030768
7841,2014,11,23,17,30,87,37,670,2.4087023735046387,18.885003662109398,85.74691053954693
7842,2014,11,23,18,30,0,0,0,2.6547975540161133,17.280145263671898,98.59519536498699
7843,2014,11,23,19,30,0,0,0,2.9506988525390625,16.414208984375026,111.84843209633787
7844,2014,11,23,20,30,0,0,0,3.2514901161193848,15.44500122070315,125.36628745216991
7845,2014,11,23,21,30,0,0,0,3.5620710849761963,14.40374145507815,139.05405675755568
7846,2014,11,23,22,30,0,0,0,3.8460192680358887,13.39910278320315,152.83749658493696
7847,2014,11,23,23,30,0,0,0,4.027466773986816,12.41704711914065,166.61018633388485
7848,2014,11,24,0,30,0,0,0,4.11624813079834,11.443139648437526,177.41466860428883
7849,2014,11,24,1,30,0,0,0,4.132188320159912,10.52605590820315,165.1138706180625
7850,2014,11,24,2,30,0,0,0,4.057384490966797,9.819604492187525,151.33179365948877
7851,2014,11,24,3,30,0,0,0,3.8981800079345694,9.4504333496094,137.55953224920094
7852,2014,11,24,4,30,0,0,0,3.7047228813171382,9.3603454589844,123.89305912354295
7853,2014,11,24,5,30,0,0,0,3.5211458206176762,9.40361938476565,110.40791498168456
7854,2014,11,24,6,30,0,0,0,3.3254690170288086,9.6999450683594,97.20323241714777
7855,2014,11,24,7,30,47,34,130,2.9956908226013184,11.024865722656275,84.42781968036338
7856,2014,11,24,8,30,241,92,492,2.468180656433105,13.143273925781275,72.32940788307641
7857,2014,11,24,9,30,296,224,150,1.8732519149780276,15.471948242187526,61.31909467930947
7858,2014,11,24,10,30,516,270,400,1.4289777278900146,18.185815429687523,52.10364743470415
7859,2014,11,24,11,30,642,272,530,1.181861400604248,20.121209716796894,45.78866996908365
7860,2014,11,24,12,30,667,287,524,1.1492376327514648,20.586175537109398,43.6566284842796
7861,2014,11,24,13,30,559,329,333,1.3103082180023191,20.378594970703148,46.29042358095466
7862,2014,11,24,14,30,498,257,400,1.6442523002624512,19.837365722656273,52.982233017047264
7863,2014,11,24,15,30,305,208,208,2.17032241821289,18.791894531250023,62.4366235225396
7864,2014,11,24,16,30,164,116,173,2.591358423233032,16.860864257812526,73.59064071512088
7865,2014,11,24,17,30,51,51,0,2.8221464157104488,14.2017761230469,85.77569191219051
7866,2014,11,24,18,30,0,0,0,2.904543399810791,11.980859375000026,98.60504659458368
7867,2014,11,24,19,30,0,0,0,2.856797218322754,10.960168457031275,111.8431964638926
7868,2014,11,24,20,30,0,0,0,2.6912407875061035,10.55657348632815,125.34901368648092
7869,2014,11,24,21,30,0,0,0,2.292732715606689,10.0884948730469,139.0276480551116
7870,2014,11,24,22,30,0,0,0,1.8385159969329836,9.66033325195315,152.80616388422442
7871,2014,11,24,23,30,0,0,0,1.6264705657958984,9.347619628906275,166.58733255023017
7872,2014,11,25,0,30,0,0,0,1.5786974430084229,9.012170410156275,177.62518487379185
7873,2014,11,25,1,30,0,0,0,1.4392633438110352,8.681329345703148,165.22291231830894
7874,2014,11,25,2,30,0,0,0,1.2524909973144531,8.430291748046898,151.43580211537608
7875,2014,11,25,3,30,0,0,0,1.1043570041656494,8.242150878906273,137.66826790396982
7876,2014,11,25,4,30,0,0,0,0.9898965358734132,8.085809326171898,124.00969621259041
7877,2014,11,25,5,30,0,0,0,0.9030636548995972,8.020135498046898,110.5344501526524
7878,2014,11,25,6,30,0,0,0,0.7396816611289978,8.190545654296898,97.3415148286128
7879,2014,11,25,7,30,22,22,0,0.4233165979385376,9.1403747558594,84.57982557344776
7880,2014,11,25,8,30,148,123,82,0.2970009446144104,11.415246582031275,72.49731216949597
7881,2014,11,25,9,30,125,125,0,0.4971953332424164,14.472375488281275,61.5044168323593
7882,2014,11,25,10,30,544,224,522,0.6920179128646851,17.180078125000026,52.305047951950215
7883,2014,11,25,11,30,611,286,468,0.7862073183059692,19.013757324218773,45.99694612213467
7884,2014,11,25,12,30,689,269,582,0.8304435014724731,19.748529052734398,43.85124228459912
7885,2014,11,25,13,30,645,248,576,0.9411014318466188,19.565728759765648,46.449688822468644
7886,2014,11,25,14,30,639,85,921,1.3369340896606443,18.924462890625023,53.09854548496852
7887,2014,11,25,15,30,470,75,856,1.9473963975906368,17.587060546875026,62.514547272177246
7888,2014,11,25,16,30,262,56,730,2.4143972396850586,15.348840332031275,73.63796305746284
7889,2014,11,25,17,30,83,37,620,2.625783920288086,12.4899841308594,85.79920556771822
7890,2014,11,25,18,30,0,0,0,2.5626673698425293,9.887414550781275,98.60987673532713
7891,2014,11,25,19,30,0,0,0,2.261484146118164,8.055078125000023,111.83311154710688
7892,2014,11,25,20,30,0,0,0,2.0150895118713383,6.824365234375023,125.32696752375386
7893,2014,11,25,21,30,0,0,0,2.0710580348968506,6.059289550781273,138.99638891830392
7894,2014,11,25,22,30,0,0,0,2.3181943893432617,5.502587890625024,152.76954261774245
7895,2014,11,25,23,30,0,0,0,2.4776415824890137,5.063958740234399,166.5572920666876
7896,2014,11,26,0,30,0,0,0,2.4709246158599854,4.694360351562524,177.8303217312229
7897,2014,11,26,1,30,0,0,0,2.3946094512939453,4.355310058593774,165.3312670964466
7898,2014,11,26,2,30,0,0,0,2.4632930755615234,4.090203857421899,151.54033534083084
7899,2014,11,26,3,30,0,0,0,2.6891860961914062,3.888574218750023,137.77777925128788
7900,2014,11,26,4,30,0,0,0,2.881056785583496,3.672906494140648,124.1270484731578
7901,2014,11,26,5,30,0,0,0,2.9988994598388667,3.4286743164062727,110.66146357917708
7902,2014,11,26,6,30,0,0,0,3.105533599853516,3.513726806640648,97.47988771420609
7903,2014,11,26,7,30,64,36,312,3.0090351104736333,5.093164062500024,84.73136309042634
7904,2014,11,26,8,30,291,65,760,2.595180988311768,8.393823242187523,72.66397111414172
7905,2014,11,26,9,30,511,80,909,2.002687692642212,12.192651367187526,61.68742492441913
7906,2014,11,26,10,30,684,89,977,1.3480138778686523,15.4622741699219,52.50273934295078
7907,2014,11,26,11,30,792,94,1008,0.7778339385986328,17.728448486328148,46.199970688216155
7908,2014,11,26,12,30,826,95,1016,0.3659883737564087,18.997827148437523,44.03946935335271
7909,2014,11,26,13,30,783,93,1004,0.2784919738769531,19.416619873046894,46.60226145759189
7910,2014,11,26,14,30,668,87,970,0.531238853931427,19.054772949218773,53.20842745546496
7911,2014,11,26,15,30,493,76,905,0.9551870822906494,17.945672607421898,62.58646541311268
7912,2014,11,26,16,30,277,57,781,1.55381441116333,15.801599121093775,73.67968654964967
7913,2014,11,26,17,30,89,37,722,2.0678956508636475,12.99785766601565,85.81746340015091
7914,2014,11,26,18,30,0,0,0,2.157431125640869,10.93425903320315,98.60971921844728
7915,2014,11,26,19,30,0,0,0,1.9405813217163088,9.66155395507815,111.81823341913694
7916,2014,11,26,20,30,0,0,0,1.6350362300872805,8.525354003906273,125.30023091799164
7917,2014,11,26,21,30,0,0,0,1.2848899364471436,7.523065185546898,138.96039533663745
7918,2014,11,26,22,30,0,0,0,0.8872012495994568,6.714532470703148,152.72780535598525
7919,2014,11,26,23,30,0,0,0,0.5134341120719911,6.110467529296898,166.5203839865043
7920,2014,11,27,0,30,0,0,0,0.3985094130039215,5.645440673828148,178.02987499778988
7921,2014,11,27,1,30,0,0,0,0.5876398086547852,5.283013916015649,165.43905004296366
7922,2014,11,27,2,30,0,0,0,0.8622658848762512,4.973046875000024,151.64542135417855
7923,2014,11,27,3,30,0,0,0,1.096709966659546,4.693994140625024,137.88805096130713
7924,2014,11,27,4,30,0,0,0,1.2143912315368652,4.433557128906274,124.24507210370092
7925,2014,11,27,5,30,0,0,0,1.2152470350265503,4.180169677734399,110.7888893163042
7926,2014,11,27,6,30,0,0,0,1.1992239952087402,4.415643310546899,97.61826621321316
7927,2014,11,27,7,30,62,35,299,1.225921630859375,7.014978027343773,84.88233068699907
7928,2014,11,27,8,30,286,65,750,1.3115047216415403,11.08342895507815,72.82926950306467
7929,2014,11,27,9,30,503,80,897,1.7069245576858518,14.282128906250026,61.86799594582431
7930,2014,11,27,10,30,589,168,694,2.229434967041016,16.323876953125026,52.69660246527383
7931,2014,11,27,11,30,780,93,995,2.524383068084717,17.352075195312526,46.39764377005001
7932,2014,11,27,12,30,814,95,1003,2.7074575424194336,17.780389404296898,44.221233818284794
7933,2014,11,27,13,30,772,93,991,2.8664827346801762,17.642480468750023,46.748081527380506
7934,2014,11,27,14,30,660,87,958,3.014525413513184,16.939477539062526,53.31183349952271
7935,2014,11,27,15,30,394,149,532,3.1346685886383057,15.646325683593775,62.652351210968725
7936,2014,11,27,16,30,208,91,416,3.0966246128082275,13.48516235351565,73.71580549081554
7937,2014,11,27,17,30,67,67,0,3.023777484893799,10.825524902343775,85.8304811648701
7938,2014,11,27,18,30,0,0,0,2.9365060329437256,8.902001953125025,98.60461130908602
7939,2014,11,27,19,30,0,0,0,2.645132064819336,7.733514404296898,111.79862187306877
7940,2014,11,27,20,30,0,0,0,2.242696762084961,6.706781005859398,125.2688893563044
7941,2014,11,27,21,30,0,0,0,1.813697338104248,5.799127197265648,138.91978657279824
7942,2014,11,27,22,30,0,0,0,1.426913142204285,4.999047851562524,152.68112771196184
7943,2014,11,27,23,30,0,0,0,1.1751213073730469,4.310662841796899,166.47693348000087
7944,2014,11,28,0,30,0,0,0,1.1411330699920654,3.7973571777343977,178.22356570212253
7945,2014,11,28,1,30,0,0,0,1.2823731899261477,3.5067382812500227,165.54637283998042
7946,2014,11,28,2,30,0,0,0,1.5040013790130615,3.3966918945312727,151.75108396407643
7947,2014,11,28,3,30,0,0,0,1.782992243766785,3.3344970703125227,137.99906392755517
7948,2014,11,28,4,30,0,0,0,2.0806341171264653,3.1600280761718977,124.36372002652028
7949,2014,11,28,5,30,0,0,0,2.3257737159729004,2.8174072265625227,110.91665869082505
7950,2014,11,28,6,30,0,0,0,2.468880176544189,2.6763549804687727,97.75656337403208
7951,2014,11,28,7,30,59,27,363,2.351845979690552,4.247979736328149,85.03262985484507
7952,2014,11,28,8,30,280,64,739,1.874432682991028,7.744927978515648,72.99309176015956
7953,2014,11,28,9,30,495,79,887,1.4118516445159912,11.611352539062526,62.04600761947582
7954,2014,11,28,10,30,665,88,955,1.4189434051513672,14.700708007812526,52.88651989724456
7955,2014,11,28,11,30,771,93,986,1.7346267700195312,16.558892822265648,46.58986762551056
7956,2014,11,28,12,30,805,94,995,1.988355278968811,17.443353271484398,44.39646202392446
7957,2014,11,28,13,30,765,92,984,2.1162154674530034,17.635766601562523,46.887091726213576
7958,2014,11,28,14,30,653,86,951,2.1787109375,17.224145507812526,53.408721428760394
7959,2014,11,28,15,30,482,76,885,2.258111953735352,16.123254394531273,62.71218156072324
7960,2014,11,28,16,30,269,57,758,2.36329984664917,14.023217773437526,73.74631799117927
7961,2014,11,28,17,30,86,86,0,2.4997053146362305,11.3602233886719,85.83827845494886
7962,2014,11,28,18,30,0,0,0,2.5699286460876465,9.4954772949219,98.59459404711306
7963,2014,11,28,19,30,0,0,0,2.489293575286865,8.428552246093773,111.77434031643446
7964,2014,11,28,20,30,0,0,0,2.3158459663391118,7.499078369140648,125.23303168796744
7965,2014,11,28,21,30,0,0,0,2.0884902477264404,7.404046630859398,138.87468488096448
7966,2014,11,28,22,30,0,0,0,1.8761565685272217,8.074731445312523,152.6296877930805
7967,2014,11,28,23,30,0,0,0,1.7766940593719482,8.543481445312523,166.42726970918673
7968,2014,11,29,0,30,0,0,0,1.7397007942199707,8.722528076171898,178.41100035785297
7969,2014,11,29,1,30,0,0,0,1.6752734184265137,8.81328735351565,165.65334335203863
7970,2014,11,29,2,30,0,0,0,1.625836730003357,8.847558593750025,151.8573426270109
7971,2014,11,29,3,30,0,0,0,1.6505091190338137,8.788995361328148,138.1107952135975
7972,2014,11,29,4,30,0,0,0,1.7715765237808228,8.592187500000023,124.48294188853822
7973,2014,11,29,5,30,0,0,0,1.937629461288452,8.324792480468773,111.04470034252223
7974,2014,11,29,6,30,0,0,0,2.0858378410339355,8.176232910156273,97.8946902275074
7975,2014,11,29,7,30,41,28,151,2.2539913654327397,8.86296997070315,85.1821470405393
7976,2014,11,29,8,30,203,113,310,2.3454647064208984,10.895043945312525,73.15532205616375
7977,2014,11,29,9,30,272,215,122,2.1819350719451904,13.547753906250026,62.221338503233746
7978,2014,11,29,10,30,506,259,411,1.9974610805511477,16.143823242187526,53.07237601491191
7979,2014,11,29,11,30,758,92,971,1.9613926410675049,18.444787597656273,46.776546723949004
7980,2014,11,29,12,30,793,94,981,1.9405827522277832,20.051293945312523,44.5650825872823
7981,2014,11,29,13,30,754,91,971,1.8748538494110107,20.826318359375023,47.0192374488099
7982,2014,11,29,14,30,645,86,939,1.7708296775817869,20.849633789062523,53.49905232974763
7983,2014,11,29,15,30,475,75,873,1.785158634185791,20.007226562500023,62.76593700718221
7984,2014,11,29,16,30,265,56,745,2.197051286697388,17.842462158203148,73.77122597196409
7985,2014,11,29,17,30,84,38,647,2.664686679840088,14.83355102539065,85.84087867286767
7986,2014,11,29,18,30,0,0,0,2.717031955718994,12.37603149414065,98.57971218272046
7987,2014,11,29,19,30,0,0,0,2.539006233215332,11.4244323730469,111.74545566042083
7988,2014,11,29,20,30,0,0,0,2.2789793014526367,11.584619140625026,125.19274994885971
7989,2014,11,29,21,30,0,0,0,2.052286386489868,11.72063598632815,138.82521522331336
7990,2014,11,29,22,30,0,0,0,1.888116836547852,11.69939575195315,152.5736656621381
7991,2014,11,29,23,30,0,0,0,1.726895809173584,11.6574645996094,166.3717238412665
7992,2014,11,30,0,30,0,0,0,1.5930213928222656,11.579675292968775,178.59160613908765
7993,2014,11,30,1,30,0,0,0,1.442000150680542,11.5353942871094,165.76006521999432
7994,2014,11,30,2,30,0,0,0,1.3425559997558594,11.471459960937526,151.9642123078365
7995,2014,11,30,3,30,0,0,0,1.3546791076660156,11.225305175781275,138.22321800380604
7996,2014,11,30,4,30,0,0,0,1.5177428722381592,10.664453125000025,124.6026840665177
7997,2014,11,30,5,30,0,0,0,1.7971429824829102,9.910302734375025,111.17294026951012
7998,2014,11,30,6,30,0,0,0,2.063213348388672,9.33733520507815,98.0325558636291
7999,2014,11,30,7,30,52,25,326,2.1561450958251958,10.02984008789065,85.33078157258082
8000,2014,11,30,8,30,265,62,707,2.033153533935547,12.204309082031275,73.31584441845645
8001,2014,11,30,9,30,477,78,861,1.9234476089477541,15.098718261718775,62.39386809183721
8002,2014,11,30,10,30,646,87,933,1.9772756099700928,18.115594482421894,53.25405706837483
8003,2014,11,30,11,30,753,92,969,2.013054370880127,20.482629394531273,46.95758780226326
8004,2014,11,30,12,30,791,93,981,1.8717319965362549,21.935357666015648,44.7270264525934
8005,2014,11,30,13,30,753,91,972,1.6112380027770996,22.558282470703148,47.14446683576108
8006,2014,11,30,14,30,645,86,941,1.1887538433074951,22.535852050781273,53.58279059622126
8007,2014,11,30,15,30,476,75,876,0.8460310697555542,21.956079101562523,62.81360176249501
8008,2014,11,30,16,30,266,56,750,1.3445490598678589,19.925439453125023,73.79053516153212
8009,2014,11,30,17,30,85,38,651,2.2702741622924805,16.721826171875026,85.83830899767497
8010,2014,11,30,18,30,0,0,0,2.6982555389404297,14.1530700683594,98.56001410697499
8011,2014,11,30,19,30,0,0,0,2.7293853759765625,12.508264160156275,111.7120382041092
8012,2014,11,30,20,30,0,0,0,2.529829978942871,12.180383300781275,125.14813918188929
8013,2014,11,30,21,30,0,0,0,2.146275997161865,12.87395629882815,138.77150498571822
8014,2014,11,30,22,30,0,0,0,1.7480330467224119,13.229333496093775,152.5132428099984
8015,2014,11,30,23,30,0,0,0,1.44781494140625,13.2370544433594,166.31062717162297
8016,2014,12,1,0,30,0,0,0,1.262012958526611,13.201440429687526,178.76452206302787
8017,2014,12,1,1,30,0,0,0,1.1932713985443115,13.16192016601565,165.86663745765836
8018,2014,12,1,2,30,0,0,0,1.1730968952178955,13.05840454101565,152.07170334360615
8019,2014,12,1,3,30,0,0,0,1.1528208255767822,12.854455566406275,138.33630155831042
8020,2014,12,1,4,30,0,0,0,1.162095546722412,12.707727050781275,124.72288967676451
8021,2014,12,1,5,30,0,0,0,1.1728479862213137,12.6611267089844,111.30130187775652
8022,2014,12,1,6,30,0,0,0,1.1134681701660156,12.74382934570315,98.17006751156404
8023,2014,12,1,7,30,50,24,318,1.008513569831848,13.212243652343775,85.47842737142571
8024,2014,12,1,8,30,262,62,702,0.8583328723907471,14.2858825683594,73.47454284162241
8025,2014,12,1,9,30,471,77,853,0.7918682098388672,15.6319519042969,62.56347691839269
8026,2014,12,1,10,30,636,87,922,0.9874292612075806,16.627404785156273,53.43145125743552
8027,2014,12,1,11,30,740,91,953,1.3634965419769287,17.279809570312526,47.13289992061998
8028,2014,12,1,12,30,774,93,961,1.7467468976974487,17.480249023437526,44.882226944977376
8029,2014,12,1,13,30,736,91,950,2.025371551513672,17.222711181640648,47.26273081751748
8030,2014,12,1,14,30,628,85,916,2.160286903381348,16.819055175781273,53.659903959274466
8031,2014,12,1,15,30,463,75,850,2.20129942893982,16.245812988281273,62.85516372062085
8032,2014,12,1,16,30,257,56,721,2.194785594940185,15.317712402343775,73.80425508744767
8033,2014,12,1,17,30,81,38,589,2.1820421218872066,14.330712890625026,85.83060034755935
8034,2014,12,1,18,30,0,0,0,2.1861124038696294,13.98027954101565,98.53555177754835
8035,2014,12,1,19,30,0,0,0,2.1795802116394043,14.07109985351565,111.67416151412858
8036,2014,12,1,20,30,0,0,0,2.221287250518799,14.068261718750026,125.09929725409587
8037,2014,12,1,21,30,0,0,0,2.325374126434326,13.928063964843775,138.71368369380286
8038,2014,12,1,22,30,0,0,0,2.41670298576355,13.669885253906275,152.44860164229212
8039,2014,12,1,23,30,0,0,0,2.440513610839844,13.3161560058594,166.24430937219395
8040,2014,12,2,0,30,0,0,0,2.4331421852111816,12.99468383789065,178.92841167168416
8041,2014,12,2,1,30,0,0,0,2.461386203765869,12.67656860351565,165.97315405068557
8042,2014,12,2,2,30,0,0,0,2.291691303253174,12.169641113281275,152.17982131039338
8043,2014,12,2,3,30,0,0,0,1.9356458187103271,11.69793090820315,138.4500111721882
8044,2014,12,2,4,30,0,0,0,1.6885297298431396,11.513513183593775,124.8434985893227
8045,2014,12,2,5,30,0,0,0,1.4315204620361328,11.30388793945315,111.42970603482523
8046,2014,12,2,6,30,0,0,0,0.9110689163208008,11.111230468750025,98.30713062315205
8047,2014,12,2,7,30,23,22,11,0.5113868713378906,11.444543457031275,85.62497742762345
8048,2014,12,2,8,30,48,48,0,0.6150736212730408,12.4051452636719,73.63130139839078
8049,2014,12,2,9,30,80,80,0,0.8593130111694336,13.46538696289065,62.730046655100814
8050,2014,12,2,10,30,114,114,0,1.0484684705734253,14.27703247070315,53.60444880649013
8051,2014,12,2,11,30,155,152,4,1.2331058979034424,14.89544067382815,47.302394517680646
8052,2014,12,2,12,30,252,241,15,1.379214882850647,15.596276855468775,45.03061982293651
8053,2014,12,2,13,30,435,342,137,1.481539249420166,16.313806152343773,47.373983156678754
8054,2014,12,2,14,30,277,252,41,1.50455904006958,16.536004638671898,53.730363515288836
8055,2014,12,2,15,30,55,55,0,1.488301396369934,16.068994140625026,62.89061446881272
8056,2014,12,2,16,30,259,56,728,1.5834914445877075,14.849633789062526,73.81239906479344
8057,2014,12,2,17,30,81,81,0,1.8325438499450684,13.44182739257815,85.81778733805055
8058,2014,12,2,18,30,0,0,0,2.0665225982666016,12.608911132812526,98.50638063963378
8059,2014,12,2,19,30,0,0,0,2.1499967575073238,12.079553222656275,111.63190229988457
8060,2014,12,2,20,30,0,0,0,2.1643848419189453,11.54619750976565,125.04632467068512
8061,2014,12,2,21,30,0,0,0,2.1317105293273926,11.195153808593775,138.65188273017876
8062,2014,12,2,22,30,0,0,0,2.0182290077209477,11.202539062500025,152.3799249822857
8063,2014,12,2,23,30,0,0,0,1.8659963607788088,11.3898864746094,166.17309687694103
8064,2014,12,3,0,30,0,0,0,1.79826021194458,11.427087402343775,179.08113613131118
8065,2014,12,3,1,30,0,0,0,1.8679547309875488,11.363244628906275,166.0797035573813
8066,2014,12,3,2,30,0,0,0,1.8469476699829104,11.309594726562526,152.2885668934959
8067,2014,12,3,3,30,0,0,0,1.6375088691711426,11.263146972656275,138.56430813922043
8068,2014,12,3,4,30,0,0,0,1.3935871124267578,11.162377929687525,124.96444744693704
8069,2014,12,3,5,30,0,0,0,1.2433223724365234,10.982141113281275,111.55807112782419
8070,2014,12,3,6,30,0,0,0,1.2216836214065552,10.737817382812525,98.44364895952572
8071,2014,12,3,7,30,24,22,23,1.2692962884902954,10.819238281250025,85.77032390871187
8072,2014,12,3,8,30,134,114,72,1.3503258228302002,11.5983825683594,73.78600435129634
8073,2014,12,3,9,30,467,77,855,1.3641788959503174,13.029626464843775,62.893460213523404
8074,2014,12,3,10,30,635,87,927,1.172663927078247,14.911096191406275,53.77294203868736
8075,2014,12,3,11,30,742,92,961,0.7376923561096191,17.023004150390648,47.46598546534873
8076,2014,12,3,12,30,778,93,971,0.3826883435249329,18.663812255859398,45.17214332956939
8077,2014,12,3,13,30,741,91,961,0.6532710790634155,19.286676025390648,47.47818048850544
8078,2014,12,3,14,30,633,85,927,1.2676428556442259,19.072229003906273,53.79414375159904
8079,2014,12,3,15,30,467,75,860,1.7303900718688965,18.059136962890648,62.919949295919935
8080,2014,12,3,16,30,260,56,731,2.103027820587158,16.147363281250026,73.81498418048359
8081,2014,12,3,17,30,81,38,584,2.3943142890930176,13.85967407226565,85.79990823576388
8082,2014,12,3,18,30,0,0,0,2.466198444366455,12.345544433593775,98.47255954226848
8083,2014,12,3,19,30,0,0,0,2.3212344646453857,11.596154785156275,111.58534028473636
8084,2014,12,3,20,30,0,0,0,2.0956075191497803,11.04461059570315,124.98932438683987
8085,2014,12,3,21,30,0,0,0,1.861622095108032,10.76384887695315,138.5862350538568
8086,2014,12,3,22,30,0,0,0,1.6645432710647583,10.826562500000025,152.30739559149947
8087,2014,12,3,23,30,0,0,0,1.4866691827774048,10.970605468750025,166.09731141183306
8088,2014,12,4,0,30,0,0,0,1.3464184999465942,10.9791198730469,179.21919437627594
8089,2014,12,4,1,30,0,0,0,1.2569845914840698,10.945764160156275,166.18636871040962
8090,2014,12,4,2,30,0,0,0,1.1753087043762207,10.90410766601565,152.39793576096324
8091,2014,12,4,3,30,0,0,0,1.1422288417816162,10.823693847656275,138.67914972027842
8092,2014,12,4,4,30,0,0,0,1.2092053890228271,10.5017028808594,125.08566968878871
8093,2014,12,4,5,30,0,0,0,1.3415148258209229,9.908471679687525,111.6863131256432
8094,2014,12,4,6,30,0,0,0,1.4123454093933103,9.470605468750025,98.57952468111742
8095,2014,12,4,7,30,43,23,291,1.273160457611084,10.565148925781275,85.91435826822156
8096,2014,12,4,8,30,253,61,692,1.0185577869415283,12.8067565917969,73.93853626460108
8097,2014,12,4,9,30,348,188,353,0.926543951034546,14.8920837402344,63.0536018441194
8098,2014,12,4,10,30,342,283,101,1.009429693222046,16.860437011718773,53.93682544934892
8099,2014,12,4,11,30,736,91,955,1.1096322536468506,18.436120605468773,47.62358912285126
8100,2014,12,4,12,30,772,93,966,1.1871521472930908,19.408868408203148,45.30673824240422
8101,2014,12,4,13,30,736,91,956,1.283381462097168,19.678887939453148,47.575282359542896
8102,2014,12,4,14,30,630,85,924,1.4407091140747068,19.287774658203148,53.8512225697916
8103,2014,12,4,15,30,465,75,858,1.681213140487671,18.240869140625023,62.94316719753236
8104,2014,12,4,16,30,260,56,730,2.033497810363769,16.292291259765648,73.81203127357878
8105,2014,12,4,17,30,81,39,569,2.3709545135498047,13.903894042968775,85.77700490771144
8106,2014,12,4,18,30,0,0,0,2.483285665512085,12.237390136718775,98.43415065046705
8107,2014,12,4,19,30,0,0,0,2.4170758724212646,11.238549804687525,111.53455807368276
8108,2014,12,4,20,30,0,0,0,2.3223938941955566,10.357507324218775,124.92840161784441
8109,2014,12,4,21,30,0,0,0,2.208799123764038,9.60137329101565,138.51687492295056
8110,2014,12,4,22,30,0,0,0,2.0699610710144043,9.28521118164065,152.23119571000774
8111,2014,12,4,23,30,0,0,0,1.9298348426818848,9.6020446777344,166.01726867323686
8112,2014,12,5,0,30,0,0,0,1.8000426292419434,9.86150512695315,179.33686593934047
8113,2014,12,5,1,30,0,0,0,1.7530052661895752,9.7032409667969,166.2932260188289
8114,2014,12,5,2,30,0,0,0,1.7937370538711548,9.467309570312525,152.5079184404051
8115,2014,12,5,3,30,0,0,0,1.8613606691360476,9.237939453125025,138.7944891163781
8116,2014,12,5,4,30,0,0,0,1.9321038722991943,8.99505004882815,125.20709557896821
8117,2014,12,5,5,30,0,0,0,1.9759670495986936,8.771234130859398,111.8143456453071
8118,2014,12,5,6,30,0,0,0,1.99014949798584,8.665734863281273,98.71465844071345
8119,2014,12,5,7,30,41,22,283,1.9312641620635984,9.358544921875025,86.05697135670566
8120,2014,12,5,8,30,251,61,692,1.7173295021057131,11.608666992187526,74.0887821165927
8121,2014,12,5,9,30,461,77,851,1.457124948501587,15.2697692871094,63.21035723496893
8122,2014,12,5,10,30,629,86,925,1.3233157396316528,18.643792724609398,54.09599577839905
8123,2014,12,5,11,30,736,91,959,1.213833570480347,20.565667724609398,47.775124390044965
8124,2014,12,5,12,30,773,93,968,1.0401279926300049,21.547753906250023,45.43434792171833
8125,2014,12,5,13,30,736,91,958,0.9129427075386048,21.849938964843773,47.66525126431343
8126,2014,12,5,14,30,551,175,638,0.9719566106796264,21.485437011718773,53.901581306599724
8127,2014,12,5,15,30,404,128,607,1.3271734714508057,20.400781250000023,62.96027087802546
8128,2014,12,5,16,30,259,56,727,1.9526879787445068,18.253076171875023,73.80356491191091
8129,2014,12,5,17,30,79,39,547,2.453643798828125,15.573510742187526,85.74912276659225
8130,2014,12,5,18,30,0,0,0,2.537005424499512,13.585778808593775,98.3912193529474
8131,2014,12,5,19,30,0,0,0,2.3765311241149902,12.365502929687526,111.47964101747593
8132,2014,12,5,20,30,0,0,0,2.0741901397705083,12.166406250000026,124.86366364781829
8133,2014,12,5,21,30,0,0,0,1.6308149099349976,12.691613769531275,138.4439376211112
8134,2014,12,5,22,30,0,0,0,1.2363436222076416,12.87713012695315,152.15150661706738
8135,2014,12,5,23,30,0,0,0,0.959420382976532,12.80242309570315,165.93327715475476
8136,2014,12,6,0,30,0,0,0,0.7384994029998779,12.721337890625026,179.42539299306407
8137,2014,12,6,1,30,0,0,0,0.6183112859725952,12.655541992187526,166.40034536933962
8138,2014,12,6,2,30,0,0,0,0.6725007891654968,12.554772949218775,152.61850019959496
8139,2014,12,6,3,30,0,0,0,0.8505029678344727,12.34673461914065,138.91027544691963
8140,2014,12,6,4,30,0,0,0,1.0348243713378906,12.028405761718775,125.32865224012613
8141,2014,12,6,5,30,0,0,0,1.2021483182907104,11.754968261718775,111.94208002279768
8142,2014,12,6,6,30,0,0,0,1.332301139831543,11.5844665527344,98.84894947973056
8143,2014,12,6,7,30,16,16,0,1.37874436378479,11.8394714355469,86.19805353459347
8144,2014,12,6,8,30,103,98,17,1.2112817764282229,13.047265625000026,74.23662741208666
8145,2014,12,6,9,30,139,138,3,0.9013054966926576,15.471154785156275,63.36361360976034
8146,2014,12,6,10,30,469,263,352,0.9929616451263428,18.229302978515648,54.25035208191642
8147,2014,12,6,11,30,180,175,7,1.4460604190826416,19.878747558593773,47.920512759874846
8148,2014,12,6,12,30,224,215,11,1.8408944606781008,20.529565429687523,45.55491835728509
8149,2014,12,6,13,30,353,312,61,2.1806378364562993,20.644586181640648,47.7480526798908
8150,2014,12,6,14,30,372,286,145,2.4947080612182617,20.125299072265648,53.94520475226039
8151,2014,12,6,15,30,215,192,49,2.803720474243164,19.054040527343773,62.97126674924221
8152,2014,12,6,16,30,231,69,580,2.9535582065582275,17.435662841796898,73.78961336457245
8153,2014,12,6,17,30,69,69,0,2.920651912689209,15.9162536621094,85.71631071162818
8154,2014,12,6,18,30,0,0,0,2.796678066253662,15.278466796875026,98.34383416607194
8155,2014,12,6,19,30,0,0,0,2.717082023620605,15.2175231933594,111.42067707392808
8156,2014,12,6,20,30,0,0,0,2.731733083724976,15.1953063964844,124.79521963782663
8157,2014,12,6,21,30,0,0,0,2.638437271118164,15.055444335937526,138.36755918870588
8158,2014,12,6,22,30,0,0,0,2.4597585201263428,14.838769531250026,152.06850821354394
8159,2014,12,6,23,30,0,0,0,2.2862017154693604,14.6528259277344,165.84563712039363
8160,2014,12,7,0,30,0,0,0,2.166464328765869,14.596704101562526,179.47395144242478
8161,2014,12,7,1,30,0,0,0,2.1596205234527592,14.5743347167969,166.50778962549015
8162,2014,12,7,2,30,0,0,0,2.0814166069030757,14.49981079101565,152.72966093044363
8163,2014,12,7,3,30,0,0,0,1.8421773910522459,14.40068969726565,139.0264537328847
8164,2014,12,7,4,30,0,0,0,1.5959839820861816,14.29570922851565,125.45026369197498
8165,2014,12,7,5,30,0,0,0,1.3853859901428225,14.170556640625026,112.06942538793476
8166,2014,12,7,6,30,0,0,0,1.1682206392288208,14.03154907226565,98.98229572749793
8167,2014,12,7,7,30,9,9,0,0.9579286575317384,14.035241699218775,86.33749478685722
8168,2014,12,7,8,30,59,59,0,0.8897374868392944,14.757958984375026,74.38195829496965
8169,2014,12,7,9,30,118,118,0,0.9508330821990968,16.344873046875026,63.51325982478876
8170,2014,12,7,10,30,238,224,23,0.9764419794082642,17.680474853515648,54.39979580270673
8171,2014,12,7,11,30,232,223,14,0.9440184831619264,18.625604248046894,48.059678369912454
8172,2014,12,7,12,30,486,359,181,0.9164540767669678,19.473962402343773,45.668398213411606
8173,2014,12,7,13,30,719,90,935,0.9540944099426271,19.599725341796894,47.823655098378104
8174,2014,12,7,14,30,388,287,172,1.0780432224273682,19.249047851562523,53.982081166357325
8175,2014,12,7,15,30,279,207,157,1.307889699935913,18.658898925781273,62.97616492604961
8176,2014,12,7,16,30,194,101,331,1.703437089920044,17.403100585937526,73.77020857075028
8177,2014,12,7,17,30,77,39,498,2.094092845916748,15.821191406250026,85.67862106553163
8178,2014,12,7,18,30,0,0,0,2.2358853816986084,14.6848083496094,98.29206663383408
8179,2014,12,7,19,30,0,0,0,2.1835062503814697,13.971459960937526,111.3577566663698
8180,2014,12,7,20,30,0,0,0,2.1388592720031743,13.692163085937526,124.7231804337302
8181,2014,12,7,21,30,0,0,0,2.111001968383789,13.752221679687526,138.2878761594308
8182,2014,12,7,22,30,0,0,0,2.0072543621063232,13.646813964843775,151.9823786265977
8183,2014,12,7,23,30,0,0,0,1.9064124822616575,13.466210937500026,165.75463971909582
8184,2014,12,8,0,30,0,0,0,1.8184086084365845,13.3087097167969,179.47521276477337
8185,2014,12,8,1,30,0,0,0,1.691944599151611,13.166955566406275,166.61561422405532
8186,2014,12,8,2,30,0,0,0,1.5507459640502932,13.1426940917969,152.8413750371318
8187,2014,12,8,3,30,0,0,0,1.4103049039840698,13.159753417968775,139.1429648855461
8188,2014,12,8,4,30,0,0,0,1.2977808713912964,13.11565551757815,125.57185089514813
8189,2014,12,8,5,30,0,0,0,1.2104120254516602,13.03899536132815,112.19628874372229
8190,2014,12,8,6,30,0,0,0,1.1281394958496094,13.02727661132815,99.11459390356475
8191,2014,12,8,7,30,4,4,0,0.9849324226379396,13.3029724121094,86.47518483929116
8192,2014,12,8,8,30,43,43,0,0.7267324924468994,14.23040161132815,74.52466166099055
8193,2014,12,8,9,30,73,73,0,0.6347243785858154,15.42559204101565,63.65918646521038
8194,2014,12,8,10,30,152,150,3,0.8858809471130371,16.409295654296898,54.544230839800974
8195,2014,12,8,11,30,271,256,23,1.2614750862121582,17.286401367187526,48.19254805277082
8196,2014,12,8,12,30,309,288,30,1.6285536289215088,17.866204833984398,45.77473887217278
8197,2014,12,8,13,30,73,73,0,1.999764084815979,18.147302246093773,47.89203005712882
8198,2014,12,8,14,30,235,223,20,2.3704566955566406,17.926843261718773,54.0122022910472
8199,2014,12,8,15,30,171,166,11,2.7387938499450684,17.088281250000026,62.97497921860143
8200,2014,12,8,16,30,89,89,0,2.970599174499512,15.7891784667969,73.74538610461667
8201,2014,12,8,17,30,26,26,0,2.9971413612365723,14.5421081542969,85.6361095073471
8202,2014,12,8,18,30,0,0,0,2.9605579376220703,13.962182617187526,98.23599122445185
8203,2014,12,8,19,30,0,0,0,2.925380229949951,13.83123168945315,111.29097253994587
8204,2014,12,8,20,30,0,0,0,2.9276185035705566,13.7305847167969,124.64765837437494
8205,2014,12,8,21,30,0,0,0,2.892516613006592,13.532067871093775,138.205025302857
8206,2014,12,8,22,30,0,0,0,2.834784507751465,13.3527770996094,151.89329383711862
8207,2014,12,8,23,30,0,0,0,2.7482776641845703,13.17485961914065,165.66056623383008
8208,2014,12,9,0,30,0,0,0,2.658782482147217,12.993432617187526,179.4321976621273
8209,2014,12,9,1,30,0,0,0,2.642848014831543,12.8879333496094,166.72386676683186
8210,2014,12,9,2,30,0,0,0,2.6072328090667725,12.775170898437526,152.9536113281447
8211,2014,12,9,3,30,0,0,0,2.4976253509521484,12.604699707031275,139.25974570070042
8212,2014,12,9,4,30,0,0,0,2.410358428955078,12.5303894042969,125.69333180015364
8213,2014,12,9,5,30,0,0,0,2.3467092514038086,12.454492187500026,112.32257504974085
8214,2014,12,9,6,30,0,0,0,2.199284076690674,12.281396484375026,99.24573962286124
8215,2014,12,9,7,30,10,10,0,2.067981719970703,12.270410156250026,86.61101327621707
8216,2014,12,9,8,30,75,75,0,2.0271873474121094,12.67412719726565,74.66462527019108
8217,2014,12,9,9,30,80,80,0,2.085535049438477,13.41643676757815,63.80128594002003
8218,2014,12,9,10,30,273,248,43,2.1973009109497066,14.5180603027344,54.68356361678893
8219,2014,12,9,11,30,321,292,43,2.308706283569336,15.54180297851565,48.31905138540196
8220,2014,12,9,12,30,223,215,11,2.4141316413879395,16.305718994140648,45.87389447476288
8221,2014,12,9,13,30,618,243,560,2.5097227096557617,16.699029541015648,47.95315216669282
8222,2014,12,9,14,30,210,203,12,2.549990653991699,16.410058593750026,54.035563361621286
8223,2014,12,9,15,30,374,164,463,2.560892105102539,15.61589965820315,62.96772712131903
8224,2014,12,9,16,30,254,56,706,2.5520896911621094,14.288659667968775,73.7151851365057
8225,2014,12,9,17,30,75,75,0,2.4991018772125244,13.0089050292969,85.58883500145755
8226,2014,12,9,18,30,0,0,0,2.4119749069213867,12.602990722656275,98.17568522350298
8227,2014,12,9,19,30,0,0,0,2.2996068000793457,12.65545043945315,111.22041961584328
8228,2014,12,9,20,30,0,0,0,2.178112506866455,12.42376098632815,124.56876710048327
8229,2014,12,9,21,30,0,0,0,2.0327959060668945,11.9757019042969,138.11914337362208
8230,2014,12,9,22,30,0,0,0,1.9716365337371824,11.637475585937526,151.8014273302797
8231,2014,12,9,23,30,0,0,0,2.036007165908813,11.475244140625026,165.56368745754733
8232,2014,12,10,0,30,0,0,0,2.064486026763916,11.214379882812525,179.35646384045555
8233,2014,12,10,1,30,0,0,0,1.9410140514373782,10.85686645507815,166.83258660680804
8234,2014,12,10,2,30,0,0,0,1.7906141281127932,10.67315063476565,153.06633291261642
8235,2014,12,10,3,30,0,0,0,1.6224688291549685,10.534082031250025,139.37672885859402
8236,2014,12,10,4,30,0,0,0,1.3900538682937622,10.364160156250025,125.81462140173504
8237,2014,12,10,5,30,0,0,0,1.2771437168121338,10.338708496093775,112.44818731003929
8238,2014,12,10,6,30,0,0,0,1.2894880771636963,10.32109985351565,99.3756275037754
8239,2014,12,10,7,30,8,8,0,1.3699076175689695,10.4929138183594,86.74486965960457
8240,2014,12,10,8,30,59,59,0,1.5462071895599363,11.1523376464844,74.80173785936998
8241,2014,12,10,9,30,188,174,31,1.7346305847167969,12.1109558105469,63.9394525761217
8242,2014,12,10,10,30,215,206,16,1.8738874197006223,13.047753906250026,54.81770314896454
8243,2014,12,10,11,30,427,336,138,1.963122129440308,13.91436157226565,48.43912073708558
8244,2014,12,10,12,30,246,235,15,1.98697829246521,14.741052246093775,45.96582196085936
8245,2014,12,10,13,30,531,321,313,1.924227237701416,15.0864196777344,48.00699913636824
8246,2014,12,10,14,30,345,282,107,1.739006280899048,14.975000000000026,54.05216311440479
8247,2014,12,10,15,30,309,203,232,1.55890953540802,14.62664184570315,62.95442979864461
8248,2014,12,10,16,30,200,99,360,1.6504194736480713,13.778222656250026,73.67964839041441
8249,2014,12,10,17,30,58,58,0,1.8954226970672607,12.791284179687526,85.53685972290249
8250,2014,12,10,18,30,0,0,0,1.9535720348358157,12.1148620605469,98.11122862406441
8251,2014,12,10,19,30,0,0,0,1.9248247146606443,11.67974243164065,111.1461948438837
8252,2014,12,10,20,30,0,0,0,2.003346920013428,11.468713378906275,124.48662136474441
8253,2014,12,10,21,30,0,0,0,2.0876922607421875,11.409814453125026,138.03036686763045
8254,2014,12,10,22,30,0,0,0,2.078756809234619,11.2958923339844,151.7069497691416
8255,2014,12,10,23,30,0,0,0,1.9965367317199707,11.111291503906275,165.4642631866003
8256,2014,12,11,0,30,0,0,0,1.953218936920166,11.059228515625025,179.26023042135563
8257,2014,12,11,1,30,0,0,0,1.9643517732620241,11.10723266601565,166.94180442718485
8258,2014,12,11,2,30,0,0,0,1.922192335128784,11.1541687011719,153.17949710142378
8259,2014,12,11,3,30,0,0,0,1.7702012062072754,11.16582641601565,139.49384293013952
8260,2014,12,11,4,30,0,0,0,1.522268533706665,11.077233886718775,125.93563179882536
8261,2014,12,11,5,30,0,0,0,1.2686607837677002,10.9809509277344,112.57302666503205
8262,2014,12,11,6,30,0,0,0,1.0321478843688965,10.98479614257815,99.50415127886257
8263,2014,12,11,7,30,5,5,0,0.8457283973693848,11.333703613281275,86.87664364926384
8264,2014,12,11,8,30,40,40,0,0.8095088005065918,12.107568359375026,74.93588925410349
8265,2014,12,11,9,30,293,197,219,0.9141665697097778,13.178735351562526,64.07358271108117
8266,2014,12,11,10,30,330,274,97,1.0357046127319336,14.361718750000026,54.94656110917098
8267,2014,12,11,11,30,548,307,364,0.9871026873588562,14.98003540039065,48.55269131605189
8268,2014,12,11,12,30,737,91,930,0.8229519128799438,15.19597778320315,46.050481105897035
8269,2014,12,11,13,30,491,335,233,0.8144639730453491,15.523767089843775,48.05355179732794
8270,2014,12,11,14,30,440,276,279,0.9323600530624391,15.4389587402344,54.06200379189802
8271,2014,12,11,15,30,297,206,200,1.0547099113464355,14.86150512695315,62.9351120675174
8272,2014,12,11,16,30,72,72,0,1.2662951946258545,13.997888183593775,73.63882209774236
8273,2014,12,11,17,30,73,73,0,1.4601411819458008,13.0472351074219,85.48024897882223
8274,2014,12,11,18,30,0,0,0,1.4449687004089355,12.384790039062526,98.04270401380592
8275,2014,12,11,19,30,0,0,0,1.3179446458816528,12.12688598632815,111.06839705376821
8276,2014,12,11,20,30,0,0,0,1.2296944856643677,12.096337890625026,124.40133684350245
8277,2014,12,11,21,30,0,0,0,1.2337696552276611,12.001184082031275,137.9388317858159
8278,2014,12,11,22,30,0,0,0,1.3163156509399414,11.84050903320315,151.61002869131232
8279,2014,12,11,23,30,0,0,0,1.3916220664978027,11.7047058105469,165.3625418223565
8280,2014,12,12,0,30,0,0,0,1.3920657634735107,11.5966735839844,179.1522815587641
8281,2014,12,12,1,30,0,0,0,1.272392988204956,11.533105468750026,167.05154181186464
8282,2014,12,12,2,30,0,0,0,1.1270670890808103,11.523645019531275,153.29305531314586
8283,2014,12,12,3,30,0,0,0,1.0208680629730225,11.514428710937526,139.6110123891724
8284,2014,12,12,4,30,0,0,0,0.9160231351852416,11.517358398437526,126.05627225986325
8285,2014,12,12,5,30,0,0,0,0.8127738237380981,11.57451782226565,112.69699248788231
8286,2014,12,12,6,30,0,0,0,0.7512187957763672,11.687707519531275,99.63120390838242
8287,2014,12,12,7,30,12,12,0,0.8157116174697876,12.023522949218775,87.00622512422454
8288,2014,12,12,8,30,104,96,29,0.9399628043174744,12.68926391601565,75.06697048052945
8289,2014,12,12,9,30,293,195,225,1.0319774150848389,13.779931640625026,64.20357478476072
8290,2014,12,12,10,30,591,84,884,1.0545462369918823,14.97088012695315,55.070051892288525
8291,2014,12,12,11,30,532,314,330,1.0506809949874878,15.942651367187526,48.659701214645594
8292,2014,12,12,12,30,607,292,454,1.0861122608184814,16.667352294921898,46.127834556195715
8293,2014,12,12,13,30,491,334,234,1.1973482370376587,16.952508544921898,48.09279412325403
8294,2014,12,12,14,30,609,84,893,1.4126486778259275,16.750695800781273,54.06509114521707
8295,2014,12,12,15,30,130,130,0,1.6908998489379885,16.047631835937526,62.90980237660022
8296,2014,12,12,16,30,254,57,700,1.984813213348389,14.805322265625026,73.59275594751226
8297,2014,12,12,17,30,73,39,428,2.1858789920806885,13.513391113281275,85.41907112657121
8298,2014,12,12,18,30,0,0,0,2.21096420288086,12.91900024414065,97.97019645960032
8299,2014,12,12,19,30,0,0,0,2.1761202812194824,12.799035644531275,110.98712680538814
8300,2014,12,12,20,30,0,0,0,2.156112670898437,12.62407836914065,124.31302995047577
8301,2014,12,12,21,30,0,0,0,2.141869068145752,12.4610534667969,137.84467340582313
8302,2014,12,12,22,30,0,0,0,2.1203713417053223,12.428918457031275,151.51082822838302
8303,2014,12,12,23,30,0,0,0,2.0529019832611084,12.3834167480469,165.25876007091958
8304,2014,12,13,0,30,0,0,0,1.987387418746948,12.31939086914065,179.03805423909114
8305,2014,12,13,1,30,0,0,0,1.951343059539795,12.2907653808594,167.16181080594302
8306,2014,12,13,2,30,0,0,0,1.882373094558716,12.259667968750026,153.4069529853937
8307,2014,12,13,3,30,0,0,0,1.7728675603866575,12.212182617187526,139.72815763137962
8308,2014,12,13,4,30,0,0,0,1.6789708137512207,12.1693054199219,126.17644929382706
8309,2014,12,13,5,30,0,0,0,1.6340351104736328,12.13384399414065,112.81998248477942
8310,2014,12,13,6,30,0,0,0,1.60083270072937,12.066064453125026,99.75667769621548
8311,2014,12,13,7,30,8,8,0,1.5761358737945557,12.174218750000026,87.13350430481114
8312,2014,12,13,8,30,59,59,0,1.603801965713501,12.810754394531275,75.194873876455
8313,2014,12,13,9,30,191,175,37,1.64208984375,13.866845703125026,64.3293294294605
8314,2014,12,13,10,30,168,164,6,1.6370272636413574,15.083886718750026,55.188092678225686
8315,2014,12,13,11,30,197,191,9,1.6141656637191772,16.474877929687526,48.760091452857225
8316,2014,12,13,12,30,353,317,52,1.624086618423462,17.463525390625026,46.19784786182536
8317,2014,12,13,13,30,391,327,94,1.6529251337051392,17.924462890625023,48.124713248431206
8318,2014,12,13,14,30,238,225,21,1.6793258190155032,17.829705810546898,54.06143443371492
8319,2014,12,13,15,30,273,208,140,1.7684108018875122,16.984582519531273,62.87853278230277
8320,2014,12,13,16,30,112,109,11,1.985352158546448,15.7737976074219,73.54150303306847
8321,2014,12,13,17,30,32,32,0,2.2468361854553223,14.491723632812526,85.3533974883163
8322,2014,12,13,18,30,0,0,0,2.398943424224853,13.632897949218775,97.89379338960268
8323,2014,12,13,19,30,0,0,0,2.485419273376465,13.3644958496094,110.90248623842724
8324,2014,12,13,20,30,0,0,0,2.618715763092041,13.3362976074219,124.22181765294708
8325,2014,12,13,21,30,0,0,0,2.7237329483032227,13.219140625000026,137.74802606183272
8326,2014,12,13,22,30,0,0,0,2.68947982788086,12.9945007324219,151.40950884764518
8327,2014,12,13,23,30,0,0,0,2.5409464836120605,12.7761169433594,165.1531427312836
8328,2014,12,14,0,30,0,0,0,2.378798484802246,12.622521972656275,178.92077191360363
8329,2014,12,14,1,30,0,0,0,2.1872215270996094,12.5311218261719,167.27261346477604
8330,2014,12,14,2,30,0,0,0,1.9688798189163208,12.5226989746094,153.52112949185172
8331,2014,12,14,3,30,0,0,0,1.7935755252838137,12.5336853027344,139.8451949999567
8332,2014,12,14,4,30,0,0,0,1.6827139854431152,12.496423339843775,126.29606672702532
8333,2014,12,14,5,30,0,0,0,1.6356208324432373,12.450097656250026,112.94189279964006
8334,2014,12,14,6,30,0,0,0,1.612069606781006,12.451257324218775,99.88046440834759
8335,2014,12,14,7,30,24,15,183,1.6157710552215576,12.9014831542969,87.25837187552261
8336,2014,12,14,8,30,217,57,630,1.7088370323181152,13.90886840820315,75.31949320194165
8337,2014,12,14,9,30,421,74,803,1.8298414945602417,15.7016540527344,64.45074955871675
8338,2014,12,14,10,30,587,84,884,1.8965775966644287,17.780053710937523,55.30060349338385
8339,2014,12,14,11,30,697,90,923,1.9086561203002932,19.387658691406273,48.85380602019928
8340,2014,12,14,12,30,740,91,938,1.8367115259170528,20.517510986328148,46.26048950716402
8341,2014,12,14,13,30,712,90,932,1.6579031944274902,21.056695556640648,48.14929948325804
8342,2014,12,14,14,30,614,85,902,1.4357385635375977,21.109246826171894,54.051046421919786
8343,2014,12,14,15,30,457,75,838,1.4302241802215576,20.533746337890648,62.841338921665184
8344,2014,12,14,16,30,259,57,712,1.8640921115875244,18.818933105468773,73.48511979537004
8345,2014,12,14,17,30,74,39,430,2.408055067062378,16.370141601562526,85.28330226243227
8346,2014,12,14,18,30,0,0,0,2.6304097175598145,14.494348144531275,97.81358447316882
8347,2014,12,14,19,30,0,0,0,2.5912556648254395,13.79522094726565,110.814578921515
8348,2014,12,14,20,30,0,0,0,2.3786752223968506,13.76787719726565,124.1278172904713
8349,2014,12,14,21,30,0,0,0,2.086312770843506,13.7413269042969,137.64902293284175
8350,2014,12,14,22,30,0,0,0,1.7878160476684568,13.67559204101565,151.30622711563046
8351,2014,12,14,23,30,0,0,0,1.496410250663757,13.57708129882815,165.0459025620803
8352,2014,12,15,0,30,0,0,0,1.4484035968780518,13.417260742187526,178.80234253745738
8353,2014,12,15,1,30,0,0,0,1.755716323852539,12.876428222656275,167.38394139057942
8354,2014,12,15,2,30,0,0,0,2.2889723777771,12.003015136718775,153.63551806579687
8355,2014,12,15,3,30,0,0,0,2.754143238067627,11.40105590820315,139.96203681843753
8356,2014,12,15,4,30,0,0,0,2.992206573486328,11.048425292968775,126.41502578562708
8357,2014,12,15,5,30,0,0,0,3.10788369178772,10.64617309570315,113.06261812277481
8358,2014,12,15,6,30,0,0,0,3.1810760498046875,10.406945800781275,100.00245539365996
8359,2014,12,15,7,30,24,15,188,3.067622184753418,11.3596130371094,87.38071910840681
8360,2014,12,15,8,30,223,58,655,2.6435093879699707,13.9494567871094,75.44072374910387
8361,2014,12,15,9,30,432,75,829,2.1170787811279297,17.346215820312526,64.56774045453719
8362,2014,12,15,10,30,601,85,909,1.5981080532073977,20.555078125000023,55.40750727054041
8363,2014,12,15,11,30,713,91,946,1.1395988464355469,22.735101318359398,48.940791915846745
8364,2014,12,15,12,30,755,92,959,0.8358356356620789,23.708673095703148,46.31573093905384
8365,2014,12,15,13,30,725,91,951,0.6600348949432373,23.812188720703148,48.16654632708974
8366,2014,12,15,14,30,626,85,919,0.6390107870101929,23.308648681640648,54.03394337356079
8367,2014,12,15,15,30,466,75,855,1.0518941879272459,22.272576904296894,62.7982599819581
8368,2014,12,15,16,30,266,57,729,1.893504619598389,20.319238281250023,73.4236659628816
8369,2014,12,15,17,30,76,39,444,2.612501859664917,17.880029296875023,85.20886243169733
8370,2014,12,15,18,30,0,0,0,2.941032886505127,16.104852294921898,97.72966149887958
8371,2014,12,15,19,30,0,0,0,2.9573469161987305,14.90752563476565,110.72350970147006
8372,2014,12,15,20,30,0,0,0,2.7680113315582275,14.500634765625026,124.03114639692163
8373,2014,12,15,21,30,0,0,0,2.487881898880005,14.764794921875026,137.54779583974977
8374,2014,12,15,22,30,0,0,0,2.305532932281494,14.7897888183594,151.20113548295538
8375,2014,12,15,23,30,0,0,0,2.2373743057250977,14.6468444824219,164.9372402179713
8376,2014,12,16,0,30,0,0,0,2.1881270408630367,14.5329528808594,178.6839030992926
8377,2014,12,16,1,30,0,0,0,2.161163330078125,14.45562133789065,167.495775255043
8378,2014,12,16,2,30,0,0,0,2.0688204765319824,14.42131958007815,153.75004573031862
8379,2014,12,16,3,30,0,0,0,1.9187562465667725,14.4042907714844,140.0785914308787
8380,2014,12,16,4,30,0,0,0,1.8242731094360352,14.39849243164065,126.53322518417042
8381,2014,12,16,5,30,0,0,0,1.8005485534667969,14.431176757812526,113.18205180364107
8382,2014,12,16,6,30,0,0,0,1.7754998207092283,14.46856079101565,100.12254170688206
8383,2014,12,16,7,30,22,15,174,1.726734280586243,14.64238891601565,87.50043798672785
8384,2014,12,16,8,30,80,80,0,1.6398109197616575,15.165246582031275,75.55846245102495
8385,2014,12,16,9,30,156,151,12,1.5552165508270264,15.96404418945315,64.68020985300515
8386,2014,12,16,10,30,344,273,125,1.564944624900818,17.325677490234398,55.508729906912976
8387,2014,12,16,11,30,408,329,120,1.6364901065826416,18.723626708984398,49.02099918681701
8388,2014,12,16,12,30,275,260,21,1.7316954135894775,19.338372802734398,46.36354659249042
8389,2014,12,16,13,30,394,328,98,1.9011142253875728,19.336846923828148,48.17645047848431
8390,2014,12,16,14,30,377,287,153,2.157907485961914,18.806359863281273,54.01014504296816
8391,2014,12,16,15,30,200,185,32,2.4787745475769043,17.835412597656273,62.74933866728556
8392,2014,12,16,16,30,143,119,81,2.692453384399414,16.422753906250026,73.35720448822681
8393,2014,12,16,17,30,40,40,0,2.7210495471954346,15.111535644531275,85.13015766853
8394,2014,12,16,18,30,0,0,0,2.727090835571289,14.650537109375026,97.64211825069202
8395,2014,12,16,19,30,0,0,0,2.7340073585510254,14.5610290527344,110.62938455260158
8396,2014,12,16,20,30,0,0,0,2.690780639648437,14.2570739746094,123.93192252569416
8397,2014,12,16,21,30,0,0,0,2.65712833404541,13.942407226562526,137.44447505111884
8398,2014,12,16,22,30,0,0,0,2.69205379486084,13.666772460937526,151.09438208964198
8399,2014,12,16,23,30,0,0,0,2.6814305782318115,13.3618103027344,164.82734424661163
8400,2014,12,17,0,30,0,0,0,2.6144423484802246,13.1839538574219,178.56612908446513
8401,2014,12,17,1,30,0,0,0,2.5103623867034908,13.056481933593775,167.6080843071939
8402,2014,12,17,2,30,0,0,0,2.338918685913086,12.89165649414065,153.86463323610178
8403,2014,12,17,3,30,0,0,0,2.1944327354431152,12.839135742187526,140.1947632497222
8404,2014,12,17,4,30,0,0,0,2.0380301475524902,12.761010742187526,126.65056121993601
8405,2014,12,17,5,30,0,0,0,1.87800931930542,12.62835083007815,113.3000859676454
8406,2014,12,17,6,30,0,0,0,1.7928925752639768,12.615808105468775,100.24061423379408
8407,2014,12,17,7,30,9,9,0,1.853965282440185,12.90642700195315,87.61742132895199
8408,2014,12,17,8,30,93,88,16,2.058992624282837,13.6411071777344,75.67260798971748
8409,2014,12,17,9,30,240,192,112,2.239734172821045,14.76751098632815,64.78806802820203
8410,2014,12,17,10,30,390,275,203,2.3289380073547363,15.95305786132815,55.60420032052166
8411,2014,12,17,11,30,387,323,98,2.3459131717681885,17.130853271484398,49.09438096428043
8412,2014,12,17,12,30,515,349,240,2.326129913330078,18.265649414062523,46.4039139137957
8413,2014,12,17,13,30,709,90,927,2.2561845779418945,19.041375732421894,48.17901184270958
8414,2014,12,17,14,30,406,286,204,2.1136038303375244,19.392205810546894,53.9796746636035
8415,2014,12,17,15,30,298,209,194,1.9764788150787356,19.067742919921894,62.694621162079535
8416,2014,12,17,16,30,194,109,294,2.0563280582427983,17.861352539062523,73.28580148172796
8417,2014,12,17,17,30,55,55,0,2.3247528076171875,16.119165039062526,85.04727023739385
8418,2014,12,17,18,30,0,0,0,2.435046672821045,14.824060058593775,97.551050382753
8419,2014,12,17,19,30,0,0,0,2.368695974349976,14.42571411132815,110.53231042661312
8420,2014,12,17,20,30,0,0,0,2.242241859436035,14.35454711914065,123.83026307867114
8421,2014,12,17,21,30,0,0,0,2.0503058433532715,14.251977539062526,137.3391890979897
8422,2014,12,17,22,30,0,0,0,1.8332719802856443,14.1440368652344,150.986110590178
8423,2014,12,17,23,30,0,0,0,1.6064573526382446,14.04253540039065,164.716391138333
8424,2014,12,18,0,30,0,0,0,1.4307347536087036,13.916650390625026,178.4494101214798
8425,2014,12,18,1,30,0,0,0,1.4179630279541016,13.753686523437526,167.72082586576784
8426,2014,12,18,2,30,0,0,0,1.544451355934143,13.581506347656275,153.9791950074091
8427,2014,12,18,3,30,0,0,0,1.6819758415222168,13.135644531250026,140.31045281156173
8428,2014,12,18,4,30,0,0,0,1.8137032985687256,12.334252929687526,126.76692787337194
8429,2014,12,18,5,30,0,0,0,1.9120898246765137,11.653710937500026,113.41661163679942
8430,2014,12,18,6,30,0,0,0,1.8933030366897583,11.52886352539065,100.35656381817304
8431,2014,12,18,7,30,19,13,154,1.69551682472229,12.893151855468775,87.731562912561
8432,2014,12,18,8,30,211,57,628,1.242467164993286,15.24346313476565,75.78306090294569
8433,2014,12,18,9,30,284,190,220,0.8319875597953796,17.935906982421898,64.89122787430126
8434,2014,12,18,10,30,334,271,111,0.7612705230712891,20.448846435546894,55.6938505045885
8435,2014,12,18,11,30,696,90,926,0.8248888850212097,21.965631103515648,49.160893497735614
8436,2014,12,18,12,30,652,254,578,0.8368146419525146,22.901300048828148,46.436813381204246
8437,2014,12,18,13,30,622,239,573,0.7944126129150391,23.271630859375023,48.174233536582
8438,2014,12,18,14,30,615,85,901,0.7593297958374023,23.02327880859377,53.94255893389114
8439,2014,12,18,15,30,459,75,836,1.2359421253204346,22.034631347656273,62.63415709155362
8440,2014,12,18,16,30,263,57,710,2.2586445808410645,19.890710449218773,73.20952614183213
8441,2014,12,18,17,30,74,74,0,2.9986648559570312,17.196832275390648,84.96028042807309
8442,2014,12,18,18,30,0,0,0,3.16530704498291,15.16643676757815,97.4565552929107
8443,2014,12,18,19,30,0,0,0,3.0916109085083012,14.504785156250026,110.43239510322941
8444,2014,12,18,20,30,0,0,0,2.8529343605041504,14.7790466308594,123.7262851390317
8445,2014,12,18,21,30,0,0,0,2.4497570991516118,14.890893554687526,137.23206459761656
8446,2014,12,18,22,30,0,0,0,2.1024065017700195,14.829248046875026,150.87645999756887
8447,2014,12,18,23,30,0,0,0,1.8103394508361816,14.77764282226565,164.60454542084403
8448,2014,12,19,0,30,0,0,0,1.4607926607131958,14.69658813476565,178.33395186500422
8449,2014,12,19,1,30,0,0,0,1.038888692855835,14.5883728027344,167.83394479552598
8450,2014,12,19,2,30,0,0,0,0.8400534391403198,14.466333007812526,154.0936390970594
8451,2014,12,19,3,30,0,0,0,0.9924280047416688,14.332421875000026,140.42555684139614
8452,2014,12,19,4,30,0,0,0,1.2448673248291016,14.073022460937526,126.88221691462809
8453,2014,12,19,5,30,0,0,0,1.5045721530914309,13.659936523437526,113.53151885430314
8454,2014,12,19,6,30,0,0,0,1.7984452247619631,13.0148864746094,100.47028139073912
8455,2014,12,19,7,30,17,12,120,2.035839319229126,13.101281738281275,87.84275759774793
8456,2014,12,19,8,30,211,57,630,2.0426092147827153,14.724755859375026,75.88972368973224
8457,2014,12,19,9,30,418,74,813,1.9319486618041992,17.186029052734398,64.98960498569663
8458,2014,12,19,10,30,588,84,896,1.7801599502563477,19.641229248046894,55.77761558001321
8459,2014,12,19,11,30,701,90,936,1.4778242111206057,21.602105712890648,49.22049618714394
8460,2014,12,19,12,30,746,92,950,1.0435967445373535,22.944238281250023,46.46222852282315
8461,2014,12,19,13,30,719,90,942,0.4964683651924133,23.471307373046894,48.16212189056876
8462,2014,12,19,14,30,622,85,910,0.5818403363227844,23.011590576171894,53.898828000337524
8463,2014,12,19,15,30,451,78,809,1.690211057662964,21.681604003906273,62.5679994792758
8464,2014,12,19,16,30,196,110,295,2.922690391540528,19.470849609375023,73.12845068264386
8465,2014,12,19,17,30,75,38,412,3.643375396728516,17.061334228515648,84.86928445084797
8466,2014,12,19,18,30,0,0,0,3.8292021751403813,15.357324218750026,97.35873199506115
8467,2014,12,19,19,30,0,0,0,3.69094181060791,14.667016601562526,110.32974704182531
8468,2014,12,19,20,30,0,0,0,3.4119579792022705,14.680749511718775,123.62010530816192
8469,2014,12,19,21,30,0,0,0,3.069451332092285,14.503930664062526,137.12322608631553
8470,2014,12,19,22,30,0,0,0,2.7392830848693848,14.029992675781275,150.76556454556237
8471,2014,12,19,23,30,0,0,0,2.5996990203857417,13.713647460937526,164.4919597923646
8472,2014,12,20,0,30,0,0,0,2.638111114501953,13.47258911132815,178.21983687975634
8473,2014,12,20,1,30,0,0,0,2.587334632873535,13.00640258789065,167.94737296784487
8474,2014,12,20,2,30,0,0,0,2.3520095348358154,12.481652832031275,154.20786715128045
8475,2014,12,20,3,30,0,0,0,2.1157886981964107,12.1422058105469,140.53996832530385
8476,2014,12,20,4,30,0,0,0,1.9823884963989256,11.915612792968775,126.99631801611704
8477,2014,12,20,5,30,0,0,0,1.8590624332427976,11.619042968750026,113.64469681279509
8478,2014,12,20,6,30,0,0,0,1.7425379753112793,11.339868164062526,100.58165809963913
8479,2014,12,20,7,30,1,1,0,1.6882901191711426,11.37566528320315,87.95090145075834
8480,2014,12,20,8,30,42,42,0,1.745459794998169,12.066064453125026,75.9925009146288
8481,2014,12,20,9,30,68,68,0,1.8882491588592532,13.062097167968775,65.08311773525075
8482,2014,12,20,10,30,145,144,2,2.0094382762908936,13.9733825683594,55.85543384573246
8483,2014,12,20,11,30,214,206,11,2.0801944732666016,14.832727050781275,49.27315161278058
8484,2014,12,20,12,30,450,352,141,2.1593642234802246,15.499658203125026,46.480145931911686
8485,2014,12,20,13,30,375,322,79,2.273434400558472,15.7358337402344,48.14268644818299
8486,2014,12,20,14,30,613,84,896,2.412271738052368,15.4615417480469,53.848515437928455
8487,2014,12,20,15,30,396,155,521,2.5938777923583984,14.734155273437526,62.49620470172135
8488,2014,12,20,16,30,163,122,141,2.7581701278686523,13.5441833496094,73.04265025856384
8489,2014,12,20,17,30,75,75,0,2.785067558288574,12.3564392089844,84.77436750432153
8490,2014,12,20,18,30,0,0,0,2.6948647499084477,11.683984375000026,97.25768099084124
8491,2014,12,20,19,30,0,0,0,2.593658924102783,11.3410583496094,110.22447523435177
8492,2014,12,20,20,30,0,0,0,2.5061283111572266,11.0264831542969,123.51183954691841
8493,2014,12,20,21,30,0,0,0,2.4241676330566406,10.756616210937525,137.01279586126168
8494,2014,12,20,22,30,0,0,0,2.340498447418213,10.560449218750025,150.65355356809772
8495,2014,12,20,23,30,0,0,0,2.2183611392974854,10.4216247558594,164.37877528676387
8496,2014,12,21,0,30,0,0,0,1.9854414463043213,10.30779418945315,178.10706221099645
8497,2014,12,21,1,30,0,0,0,1.6095867156982422,10.232263183593775,168.0610287057436
8498,2014,12,21,2,30,0,0,0,1.117915391921997,10.290185546875025,154.32177438531562
8499,2014,12,21,3,30,0,0,0,0.6915006637573242,10.43364868164065,140.65357659221078
8500,2014,12,21,4,30,0,0,0,0.7156237363815308,10.499291992187525,127.10911887132515
8501,2014,12,21,5,30,0,0,0,1.0822615623474119,10.4924255371094,113.75603398631384
8502,2014,12,21,6,30,0,0,0,1.3778411149978638,10.25432739257815,100.69058544250241
8503,2014,12,21,7,30,7,7,0,1.444537878036499,10.962426757812525,88.05589186663086
8504,2014,12,21,8,30,143,94,202,1.318434476852417,13.051721191406275,76.09129931034337
8505,2014,12,21,9,30,338,157,430,1.3585339784622192,15.405541992187526,65.17168735032226
8506,2014,12,21,10,30,526,168,639,1.4981122016906738,17.497125244140648,55.92724682700426
8507,2014,12,21,11,30,694,120,880,1.4453188180923462,19.099023437500023,49.31882556286498
8508,2014,12,21,12,30,768,93,980,1.3104736804962158,20.316339111328148,46.49055527945258
8509,2014,12,21,13,30,664,195,702,1.200498342514038,21.053155517578148,48.11593996267784
8510,2014,12,21,14,30,483,258,380,1.0514512062072754,21.219415283203148,53.791658227898104
8511,2014,12,21,15,30,248,208,86,1.0171512365341189,20.606011962890648,62.4188324401017
8512,2014,12,21,16,30,149,123,89,1.530519723892212,18.708673095703148,72.9522028861976
8513,2014,12,21,17,30,64,64,0,2.185719966888428,15.977380371093775,84.67562128605718
8514,2014,12,21,18,30,0,0,0,2.358852863311768,13.7663513183594,97.1535041405948
8515,2014,12,21,19,30,0,0,0,2.245604515075684,12.3188415527344,110.1166890598273
8516,2014,12,21,20,30,0,0,0,2.110748767852783,11.95427856445315,123.40160302146244
8517,2014,12,21,21,30,0,0,0,1.9254508018493648,12.430932617187526,136.90089383133142
8518,2014,12,21,22,30,0,0,0,1.8049116134643557,12.7852722167969,150.54055139519596
8519,2014,12,21,23,30,0,0,0,1.87693452835083,12.64360961914065,164.26512146559583
8520,2014,12,22,0,30,0,0,0,2.2003004550933842,11.908837890625026,177.99556333359078
8521,2014,12,22,1,30,0,0,0,2.7523024082183842,11.0483337402344,168.17481621488682
8522,2014,12,22,2,30,0,0,0,3.2216594219207764,10.2181335449219,154.43524957081678
8523,2014,12,22,3,30,0,0,0,3.510145664215088,9.344445800781275,140.76626740472398
8524,2014,12,22,4,30,0,0,0,3.72517466545105,8.529168701171898,127.2205053196462
8525,2014,12,22,5,30,0,0,0,3.881810188293457,7.815270996093773,113.86541826575764
8526,2014,12,22,6,30,0,0,0,3.9823131561279297,7.346429443359398,100.79695539979988
8527,2014,12,22,7,30,16,12,138,3.897961616516113,8.252374267578148,88.15762769120708
8528,2014,12,22,8,30,218,58,671,3.577651023864746,11.29436645507815,76.18602787873529
8529,2014,12,22,9,30,434,75,858,3.3159496784210205,15.468896484375026,65.25523798660353
8530,2014,12,22,10,30,525,169,638,3.3007907867431636,19.107873535156273,55.992999321358035
8531,2014,12,22,11,30,632,214,640,3.307041645050049,21.366998291015648,49.357487058791
8532,2014,12,22,12,30,710,176,775,3.2114346027374268,22.500054931640648,46.49344932397781
8533,2014,12,22,13,30,744,91,977,3.1589131355285645,22.94368896484377,48.081898391002646
8534,2014,12,22,14,30,646,86,947,2.9776053428649902,22.897088623046894,53.72829673288132
8535,2014,12,22,15,30,487,76,886,2.460063934326172,22.358178710937523,62.33594562942808
8536,2014,12,22,16,30,285,59,769,1.9986512660980225,20.624017333984398,72.85718936372137
8537,2014,12,22,17,30,84,84,0,1.9014768600463867,18.321527099609398,84.57313957508325
8538,2014,12,22,18,30,0,0,0,2.0694866180419917,16.946405029296898,97.0463045340328
8539,2014,12,22,19,30,0,0,0,2.428637981414795,16.117364501953148,110.00649814039646
8540,2014,12,22,20,30,0,0,0,3.0078296661376958,15.273583984375026,123.28950995360135
8541,2014,12,22,21,30,0,0,0,3.710913181304932,14.34380493164065,136.78763737679657
8542,2014,12,22,22,30,0,0,0,4.2864089012146005,13.314172363281275,150.42667726446845
8543,2014,12,22,23,30,0,0,0,4.622904777526856,12.26177368164065,164.15111663199175
8544,2014,12,23,0,30,0,0,0,4.793173789978027,11.308862304687526,177.88522992414295
8545,2014,12,23,1,30,0,0,0,4.9352684020996085,10.59246215820315,168.2886250023392
8546,2014,12,23,2,30,0,0,0,5.093380928039551,10.142602539062525,154.54817503620663
8547,2014,12,23,3,30,0,0,0,5.220290184020996,9.794885253906275,140.87792305973426
8548,2014,12,23,4,30,0,0,0,5.280899524688722,9.4326110839844,127.33036147746134
8549,2014,12,23,5,30,0,0,0,5.287367820739746,9.0579772949219,113.97273709768531
8550,2014,12,23,6,30,0,0,0,5.267579078674316,8.792565917968773,100.90066056934536
8551,2014,12,23,7,30,8,8,15,5.189822196960449,9.618859863281275,88.25600934218483
8552,2014,12,23,8,30,154,88,275,5.031644821166992,12.348901367187526,76.27659799005765
8553,2014,12,23,9,30,363,124,572,4.9470176696777335,16.037133789062526,65.33369679968332
8554,2014,12,23,10,30,613,85,945,4.970483779907227,19.183862304687523,56.052639442361354
8555,2014,12,23,11,30,730,91,981,5.0126914978027335,21.235223388671894,49.389108377982524
8556,2014,12,23,12,30,776,92,992,4.9055819511413565,22.314385986328148,46.4888239186226
8557,2014,12,23,13,30,749,91,983,4.545275688171387,22.642938232421894,48.04058088511941
8558,2014,12,23,14,30,651,86,953,3.806087732315064,22.483483886718773,53.658474669513105
8559,2014,12,23,15,30,492,76,893,2.791721820831299,21.835870361328148,62.24761040482493
8560,2014,12,23,16,30,288,59,775,1.7980659008026123,20.229150390625023,72.75769318767144
8561,2014,12,23,17,30,85,85,0,1.1163934469223022,18.113763427734398,84.46701812255874
8562,2014,12,23,18,30,0,0,0,1.4429268836975098,16.527001953125026,96.93618636061709
8563,2014,12,23,19,30,0,0,0,2.529445171356201,14.9936462402344,109.89401219943846
8564,2014,12,23,20,30,0,0,0,3.37355899810791,13.061425781250026,123.17567347606092
8565,2014,12,23,21,30,0,0,0,3.5338053703308105,11.126184082031275,136.67314121785378
8566,2014,12,23,22,30,0,0,0,3.077545166015625,9.40874633789065,150.31204524720087
8567,2014,12,23,23,30,0,0,0,2.302269458770752,8.310083007812523,164.03686806223533
8568,2014,12,24,0,30,0,0,0,1.4615284204483032,8.131494140625023,177.77591660065983
8569,2014,12,24,1,30,0,0,0,0.7974835634231567,8.381860351562523,168.4023292862417
8570,2014,12,24,2,30,0,0,0,0.4337728023529053,8.439782714843773,154.6604266811218
8571,2014,12,24,3,30,0,0,0,0.2752613425254822,8.469171142578148,140.98842249876066
8572,2014,12,24,4,30,0,0,0,0.25687813758850103,8.721185302734398,127.43856987537764
8573,2014,12,24,5,30,0,0,0,0.3569183349609375,8.854333496093775,114.07787762649485
8574,2014,12,24,6,30,0,0,0,0.5448970198631287,8.82561645507815,101.00159430178464
8575,2014,12,24,7,30,1,1,0,0.7099101543426514,9.1221862792969,88.35093892907337
8576,2014,12,24,8,30,27,27,0,0.7489947080612183,9.911462402343775,76.36292348029039
8577,2014,12,24,9,30,56,56,0,0.8877954483032227,10.73003540039065,65.40699401421963
8578,2014,12,24,10,30,106,106,0,1.1681537628173828,11.3349548339844,56.10611866092285
8579,2014,12,24,11,30,539,301,365,1.3386743068695068,11.819238281250026,49.413665074287394
8580,2014,12,24,12,30,624,271,511,1.3109407424926758,12.604577636718775,46.47667801539927
8581,2014,12,24,13,30,458,340,175,1.3370342254638672,13.127709960937526,47.992009780609166
8582,2014,12,24,14,30,642,85,937,1.467387318611145,12.245629882812526,53.58223907853701
8583,2014,12,24,15,30,366,188,381,1.5614882707595823,10.668725585937525,62.1538960453334
8584,2014,12,24,16,30,195,118,257,1.6566424369812012,9.03093872070315,72.65380046737175
8585,2014,12,24,17,30,43,43,0,1.767890453338623,7.522424316406273,84.35735454076435
8586,2014,12,24,18,30,0,0,0,1.7578017711639404,6.608575439453148,96.82325477997564
8587,2014,12,24,19,30,0,0,0,1.5408008098602295,6.216638183593773,109.77934092178637
8588,2014,12,24,20,30,0,0,0,1.3741309642791748,6.045434570312523,123.0602054926188
8589,2014,12,24,21,30,0,0,0,1.3807456493377686,5.855737304687523,136.55751729182722
8590,2014,12,24,22,30,0,0,0,1.4636192321777344,5.615167236328149,150.19676418845742
8591,2014,12,24,23,30,0,0,0,1.5380079746246338,5.362390136718774,163.92247225146306
8592,2014,12,25,0,30,0,0,0,1.560765504837036,5.217797851562524,177.6674504967804
8593,2014,12,25,1,30,0,0,0,1.5557749271392822,5.329003906250024,168.51578740041518
8594,2014,12,25,2,30,0,0,0,1.5444746017456057,5.476525878906274,154.77187400623197
8595,2014,12,25,3,30,0,0,0,1.4953045845031738,5.232568359375024,141.0976414284877
8596,2014,12,25,4,30,0,0,0,1.4812045097351074,4.785302734375024,127.54501160148186
8597,2014,12,25,5,30,0,0,0,1.4752659797668457,4.589410400390649,114.18072683951151
8598,2014,12,25,6,30,0,0,0,1.3928008079528809,4.637841796875024,101.09965083687227
8599,2014,12,25,7,30,9,8,42,1.3462295532226562,5.336450195312524,88.44232037185738
8600,2014,12,25,8,30,158,83,320,1.410675287246704,7.148034667968773,76.44492074636888
8601,2014,12,25,9,30,367,113,611,1.562929391860962,9.9335876464844,65.4750629905687
8602,2014,12,25,10,30,591,84,910,1.7815730571746826,12.97307739257815,56.153391844173214
8603,2014,12,25,11,30,557,286,416,2.0158801078796387,15.56487426757815,49.43113599583968
8604,2014,12,25,12,30,568,329,347,2.2549328804016118,17.621057128906273,46.45701366666745
8605,2014,12,25,13,30,366,319,70,2.476785659790039,18.958947753906273,47.936210582691096
8606,2014,12,25,14,30,346,286,101,2.574091911315918,19.403833007812523,53.49964029240397
8607,2014,12,25,15,30,174,169,10,2.6090006828308105,18.870935058593773,62.054874915073576
8608,2014,12,25,16,30,276,58,727,2.8435378074646,16.968103027343773,72.54559983708664
8609,2014,12,25,17,30,81,38,424,3.1575560569763184,14.35357055664065,84.24424819091864
8610,2014,12,25,18,30,0,0,0,3.211165428161621,12.29583129882815,96.70761579258344
8611,2014,12,25,19,30,0,0,0,3.0645661354064937,10.8869567871094,109.66259381618477
8612,2014,12,25,20,30,0,0,0,2.8604769706726074,10.0194030761719,122.9432165433069
8613,2014,12,25,21,30,0,0,0,2.6248950958251958,9.8146911621094,136.44087463895852
8614,2014,12,25,22,30,0,0,0,2.4214015007019043,9.9245544433594,150.08093766013775
8615,2014,12,25,23,30,0,0,0,2.344702243804932,10.133325195312525,163.80801517041112
8616,2014,12,26,0,30,0,0,0,2.422264575958252,10.412988281250025,177.55963680906035
8617,2014,12,26,1,30,0,0,0,2.6484923362731934,10.61382446289065,168.62884119938082
8618,2014,12,26,2,30,0,0,0,2.965659618377685,10.6490417480469,154.88238015972706
8619,2014,12,26,3,30,0,0,0,3.2969658374786377,10.43059692382815,141.20545245178096
8620,2014,12,26,4,30,0,0,0,3.565295696258545,10.104211425781275,127.64956645071092
8621,2014,12,26,5,30,0,0,0,3.687576293945313,9.79973754882815,114.2811717151676
8622,2014,12,26,6,30,0,0,0,3.698009490966797,9.65569458007815,101.1947254402842
8623,2014,12,26,7,30,12,9,98,3.5628321170806885,10.834985351562525,88.53005951814276
8624,2014,12,26,8,30,165,77,376,3.4278604984283447,13.542810058593775,76.5225088392038
8625,2014,12,26,9,30,419,73,834,3.594316244125366,16.312951660156273,65.53784028885036
8626,2014,12,26,10,30,596,84,920,3.86856460571289,18.460504150390648,56.194417291824166
8627,2014,12,26,11,30,641,197,683,4.019047260284424,20.039971923828148,49.441503300359486
8628,2014,12,26,12,30,765,91,977,4.060183525085448,21.139184570312523,46.42983602380696
8629,2014,12,26,13,30,609,255,528,4.0137224197387695,21.744683837890648,47.87321194961689
8630,2014,12,26,14,30,562,180,640,3.7856521606445312,21.843927001953148,53.41073190057072
8631,2014,12,26,15,30,395,169,478,3.244020938873291,21.373986816406273,61.95062240207975
8632,2014,12,26,16,30,289,59,762,2.7378458976745605,19.809289550781273,72.43318236606339
8633,2014,12,26,17,30,86,86,0,2.5567750930786133,17.704644775390648,84.12780006964873
8634,2014,12,26,18,30,0,0,0,2.570741415023804,16.442712402343773,96.58937611077582
8635,2014,12,26,19,30,0,0,0,2.6486034393310547,15.7860046386719,109.54388008037873
8636,2014,12,26,20,30,0,0,0,2.6827125549316406,15.07317504882815,122.82481567468143
8637,2014,12,26,21,30,0,0,0,2.686213731765747,14.310998535156275,136.32331929655837
8638,2014,12,26,22,30,0,0,0,2.756418228149414,13.546594238281275,149.96466392639655
8639,2014,12,26,23,30,0,0,0,2.932138681411743,12.827294921875026,163.69357253053494
8640,2014,12,27,0,30,0,0,0,3.155425548553467,12.1830993652344,177.4522630276791
8641,2014,12,27,1,30,0,0,0,3.345485210418701,11.597924804687526,168.74131547095368
8642,2014,12,27,2,30,0,0,0,3.436095714569092,11.1271911621094,154.9918020019121
8643,2014,12,27,3,30,0,0,0,3.431504011154175,10.8476501464844,141.31172520942135
8644,2014,12,27,4,30,0,0,0,3.3842220306396484,10.729028320312525,127.75211308018265
8645,2014,12,27,5,30,0,0,0,3.304436206817627,10.703820800781275,114.37909937374462
8646,2014,12,27,6,30,0,0,0,3.219841957092285,10.946374511718775,101.28671454082152
8647,2014,12,27,7,30,9,7,52,3.072190761566162,12.4973083496094,88.61406425867622
8648,2014,12,27,8,30,165,76,382,2.716904640197754,15.249536132812526,76.59560955442444
8649,2014,12,27,9,30,401,72,797,2.4476211071014404,18.442529296875023,65.59526573026521
8650,2014,12,27,10,30,490,199,525,2.497117519378662,21.335687255859398,56.229156769897756
8651,2014,12,27,11,30,548,295,390,2.45504093170166,23.060815429687523,49.44475246788438
8652,2014,12,27,12,30,543,341,292,2.1994223594665527,23.67391357421877,46.395153333088636
8653,2014,12,27,13,30,484,340,214,1.914247751235962,23.213403320312523,47.8030456735411
8654,2014,12,27,14,30,542,203,568,1.638141393661499,22.375756835937523,53.31557071244902
8655,2014,12,27,15,30,328,212,244,1.3877532482147217,21.489587402343773,61.841216854722326
8656,2014,12,27,16,30,254,81,570,1.316427230834961,20.179437255859398,72.31664146652398
8657,2014,12,27,17,30,75,75,0,1.5188944339752195,18.746362304687523,84.00811269452902
8658,2014,12,27,18,30,0,0,0,1.6690120697021484,17.642907714843773,96.46864303032869
8659,2014,12,27,19,30,0,0,0,1.5195482969284058,16.779901123046898,109.42330846864954
8660,2014,12,27,20,30,0,0,0,1.2009172439575195,16.094903564453148,122.70511031525109
8661,2014,12,27,21,30,0,0,0,0.9794977903366088,15.75408325195315,136.20495420136888
8662,2014,12,27,22,30,0,0,0,0.9704033136367798,15.5784851074219,149.84803592057852
8663,2014,12,27,23,30,0,0,0,1.0279951095581057,15.3134704589844,163.57921005538287
8664,2014,12,28,0,30,0,0,0,1.0158710479736328,14.9724060058594,177.34510230354675
8665,2014,12,28,1,30,0,0,0,0.9238411188125609,14.66814575195315,168.85301736527393
8666,2014,12,28,2,30,0,0,0,0.7297545671463013,14.47710571289065,155.0999901894837
8667,2014,12,28,3,30,0,0,0,0.4347473382949829,14.276452636718775,141.41632653278384
8668,2014,12,28,4,30,0,0,0,0.3239968717098236,13.98504028320315,127.85252917037788
8669,2014,12,28,5,30,0,0,0,0.5234797596931458,13.729760742187526,114.47439723071562
8670,2014,12,28,6,30,0,0,0,0.7830079793930054,13.66765747070315,101.37551586773597
8671,2014,12,28,7,30,2,2,0,0.9275192022323608,14.2298522949219,88.69424464095599
8672,2014,12,28,8,30,28,28,0,1.0801905393600464,15.2690368652344,76.66414752056673
8673,2014,12,28,9,30,151,146,12,1.2785649299621582,16.522729492187526,65.64728245575172
8674,2014,12,28,10,30,264,239,44,1.4151647090911863,17.964898681640648,56.25757554190621
8675,2014,12,28,11,30,328,294,51,1.4815735816955566,18.806542968750023,49.440872310841854
8676,2014,12,28,12,30,219,211,11,1.465442180633545,18.822869873046894,46.35297692875754
8677,2014,12,28,13,30,284,266,25,1.4310061931610107,18.499414062500023,47.72574665888896
8678,2014,12,28,14,30,399,295,174,1.5343900918960571,17.881951904296898,53.21421671810631
8679,2014,12,28,15,30,234,206,58,1.905733108520508,16.829217529296898,61.72673951588541
8680,2014,12,28,16,30,133,123,33,2.3476271629333496,15.282006835937526,72.19607279976906
8681,2014,12,28,17,30,49,49,0,2.568176746368408,13.64568481445315,83.8852899886149
8682,2014,12,28,18,30,0,0,0,2.493527889251709,12.542382812500026,96.34552430279994
8683,2014,12,28,19,30,0,0,0,2.276825428009033,11.895593261718775,109.30098716227951
8684,2014,12,28,20,30,0,0,0,2.1556868553161617,11.397180175781275,122.5842061561383
8685,2014,12,28,21,30,0,0,0,2.1316113471984863,11.026513671875025,136.08587909997937
8686,2014,12,28,22,30,0,0,0,2.0148639678955083,10.804528808593775,149.7311412329193
8687,2014,12,28,23,30,0,0,0,1.7286779880523682,10.7011657714844,163.46498375636497
8688,2014,12,29,0,30,0,0,0,1.3891115188598633,10.68572387695315,177.23791624478488
8689,2014,12,29,1,30,0,0,0,1.1306922435760498,10.72124633789065,168.9637358513856
8690,2014,12,29,2,30,0,0,0,0.9298503398895264,10.75615844726565,155.20678928084837
8691,2014,12,29,3,30,0,0,0,0.8404858112335205,10.6884704589844,141.51912060776291
8692,2014,12,29,4,30,0,0,0,0.9442721605300904,10.441613769531275,127.95069159214056
8693,2014,12,29,5,30,0,0,0,1.1266595125198364,10.109094238281275,114.5669531523995
8694,2014,12,29,6,30,0,0,0,1.2672765254974363,9.8719421386719,101.46102858797951
8695,2014,12,29,7,30,9,8,72,1.26833176612854,10.3174987792969,88.7705129809803
8696,2014,12,29,8,30,198,56,618,1.0389212369918823,11.89446411132815,76.72805028476418
8697,2014,12,29,9,30,409,74,813,0.6442664265632629,14.661279296875026,65.69383698168991
8698,2014,12,29,10,30,584,85,899,0.5861669182777405,17.678552246093773,56.27964239726314
8699,2014,12,29,11,30,703,91,941,0.8834298849105835,19.797723388671894,49.42985498152247
8700,2014,12,29,12,30,754,93,956,1.1084458827972412,21.052270507812523,46.303321223346174
8701,2014,12,29,13,30,733,92,951,1.2105981111526491,21.702111816406273,47.64135289826939
8702,2014,12,29,14,30,641,87,923,1.2199342250823977,21.857476806640648,53.10673304683458
8703,2014,12,29,15,30,487,77,862,1.4318442344665527,21.216302490234398,61.607274454917366
8704,2014,12,29,16,30,290,61,744,2.0903973579406743,19.195550537109398,72.07157418044247
8705,2014,12,29,17,30,88,40,441,2.6308655738830566,16.349450683593773,83.75943716428377
8706,2014,12,29,18,30,0,0,0,2.602447032928467,13.991418457031275,96.22012800881828
8707,2014,12,29,19,30,0,0,0,2.3647024631500244,12.852075195312526,109.1770236428813
8708,2014,12,29,20,30,0,0,0,2.1525430679321294,12.536767578125026,122.4622070370261
8709,2014,12,29,21,30,0,0,0,1.937049865722656,12.23442993164065,135.96619046716978
8710,2014,12,29,22,30,0,0,0,1.7075881958007812,11.9749694824219,149.61406210845774
8711,2014,12,29,23,30,0,0,0,1.4397850036621094,11.8588806152344,163.35094021162192
8712,2014,12,30,0,30,0,0,0,1.179258108139038,11.781884765625026,177.13045733475673
8713,2014,12,30,1,30,0,0,0,1.0074138641357422,11.74968872070315,169.0732412146063
8714,2014,12,30,2,30,0,0,0,0.8700935840606691,11.75640258789065,155.3120378641995
8715,2014,12,30,3,30,0,0,0,0.8094506859779358,11.766625976562526,141.61996914997061
8716,2014,12,30,4,30,0,0,0,0.872254490852356,11.731958007812526,128.0464765791284
8717,2014,12,30,5,30,0,0,0,0.910386085510254,11.596276855468775,114.65665561352932
8718,2014,12,30,6,30,0,0,0,0.825953483581543,11.50457153320315,101.54315344317749
8719,2014,12,30,7,30,8,7,64,0.5600082874298096,12.059350585937526,88.84278397262091
8720,2014,12,30,8,30,194,55,607,0.5869942903518677,13.439782714843775,76.78724839558109
8721,2014,12,30,9,30,402,73,799,1.098025918006897,14.670373535156275,65.73487925266167
8722,2014,12,30,10,30,575,84,885,1.5254673957824707,15.553002929687526,56.29532967695697
8723,2014,12,30,11,30,693,90,926,1.7089433670043943,16.566705322265648,49.411695976839724
8724,2014,12,30,12,30,743,92,941,1.778455138206482,17.804895019531273,46.2462036952326
8725,2014,12,30,13,30,722,91,935,1.8203608989715576,18.681695556640648,47.54990544602821
8726,2014,12,30,14,30,632,86,907,1.9370262622833248,18.692803955078148,52.99318592358478
8727,2014,12,30,15,30,481,77,847,2.213451862335205,17.889031982421898,61.48290849753253
8728,2014,12,30,16,30,287,60,732,2.548264265060425,16.254754638671898,71.94324547918706
8729,2014,12,30,17,30,88,40,432,2.7885162830352783,14.5910583496094,83.6306606065437
8730,2014,12,30,18,30,0,0,0,2.8355333805084233,13.672082519531275,96.09256243241664
8731,2014,12,30,19,30,0,0,0,2.737520456314087,13.32586059570315,109.05152456890973
8732,2014,12,30,20,30,0,0,0,2.7417492866516118,13.210656738281275,122.3392148373838
8733,2014,12,30,21,30,0,0,0,2.735642910003662,12.9865661621094,135.84598143180824
8734,2014,12,30,22,30,0,0,0,2.4504542350769043,12.543786621093775,149.49687545445488
8735,2014,12,30,23,30,0,0,0,2.1333055496215816,12.2928405761719,163.2371168468021
8736,2014,12,31,0,30,0,0,0,1.9514017105102541,12.275354003906275,177.02247109695838
8737,2014,12,31,1,30,0,0,0,1.7509126663208008,12.24505004882815,169.18128461074542
8738,2014,12,31,2,30,0,0,0,1.3611555099487305,12.1893249511719,155.4155687098189
8739,2014,12,31,3,30,0,0,0,0.8252249956130981,12.046594238281275,141.71873159151997
8740,2014,12,31,4,30,0,0,0,0.4708182215690613,11.850732421875026,128.13975990585993
8741,2014,12,31,5,30,0,0,0,0.4648075103759766,11.7375427246094,114.74339385683716
8742,2014,12,31,6,30,0,0,0,0.669391393661499,11.780480957031275,101.6217928859077
8743,2014,12,31,7,30,8,7,58,0.8717502951622009,12.444787597656275,88.91097479475212
8744,2014,12,31,8,30,54,54,0,1.1454305648803709,13.64495239257815,76.84167548301058
8745,2014,12,31,9,30,233,184,118,1.5871191024780271,14.633142089843775,65.77036269121372
8746,2014,12,31,10,30,205,197,15,2.031675100326538,15.1777282714844,56.30461329643493
8747,2014,12,31,11,30,115,115,0,2.353362560272217,15.6857849121094,49.38639414043554
8748,2014,12,31,12,30,125,125,0,2.577594757080078,16.205499267578148,46.1816448734825
8749,2014,12,31,13,30,353,313,58,2.705721855163574,16.460534667968773,47.45144838949418
8750,2014,12,31,14,30,55,55,0,2.7281506061553955,16.395928955078148,52.873644623468934
8751,2014,12,31,15,30,486,77,853,2.727133274078369,15.8424011230469,61.353731153713795
8752,2014,12,31,16,30,137,126,34,2.646520137786865,14.8011413574219,71.81118852370756
8753,2014,12,31,17,30,90,40,442,2.5551071166992188,14.171838378906275,83.49906775580999
8754,2014,12,31,18,30,0,0,0,1.7156201601028442,8.352166748046898,95.93073078927894
8755,2014,12,31,19,30,0,0,0,1.4676499366760254,8.115197753906273,108.89311463442536
8756,2014,12,31,20,30,0,0,0,1.320353627204895,7.953881835937523,122.18464826759569
8757,2014,12,31,21,30,0,0,0,1.2842522859573364,7.711541748046898,135.69550233472856
8758,2014,12,31,22,30,0,0,0,1.269768476486206,7.474725341796898,149.35068869587826
8759,2014,12,31,23,30,0,0,0,1.246347427368164,7.335107421875023,163.09549202938973
